response_id	grna_target	n_nonzero_trt	n_nonzero_cntrl	pass_qc	p_value	log_2_fold_change	significant	num_pert_cells	rep	average_expression_all_cells
ENSG00000126698	chr1:28883448-28884276	671	81443	TRUE	3.689690335945951e-8	-0.4462486995102841	TRUE	794	1	2.092757699339052
ENSG00000242125	chr1:28883448-28884276	777	98302	TRUE	1.0677943853881431e-7	-0.3165462048852894	TRUE	794	1	5.561055641494399
ENSG00000116350	chr1:28883448-28884276	550	66118	TRUE	1.0915048848198178e-7	-0.4985728957498432	TRUE	794	1	1.2021844091313927
ENSG00000117748	chr1:28883448-28884276	485	57810	TRUE	3.981463145290862e-5	-0.3716361367124755	TRUE	794	1	0.935658369662026
ENSG00000180198	chr1:28883448-28884276	310	35894	TRUE	2.4477629217578047e-4	-0.5333683720438708	TRUE	794	1	0.47475741808465755
ENSG00000130770	chr1:28883448-28884276	790	101767	TRUE	6.677358949432177e-4	-0.21350695089938743	TRUE	794	1	10.547480429381709
ENSG00000240750	chr1:28883448-28884276	12	1490	TRUE	0.024	-1.629804061703127	TRUE	794	1	0.014597103079735621
ENSG00000197989	chr1:28883448-28884276	206	20548	TRUE	0.028	-0.46597517402543964	TRUE	794	1	0.24450382037219331
ENSG00000270605	chr1:28883448-28884276	30	4662	TRUE	0.031811101813916554	-0.45476462476580615	TRUE	794	1	0.04706323536305255
ENSG00000204138	chr1:28883448-28884276	156	18165	TRUE	0.076	-0.3476233341142825	FALSE	794	1	0.20273754277410586
ENSG00000130766	chr1:28883448-28884276	97	13053	TRUE	0.112	-0.2339663710177784	FALSE	794	1	0.14614915858060282
ENSG00000120656	chr1:28883448-28884276	347	43853	TRUE	0.124	-0.2147440407904263	FALSE	794	1	0.6082876294942109
ENSG00000158161	chr1:28883448-28884276	126	16051	TRUE	0.132	-0.3270868372855822	FALSE	794	1	0.17926217597149954
ENSG00000198492	chr1:28883448-28884276	367	43617	TRUE	0.168	-0.2925141619099244	FALSE	794	1	0.6081657525898843
ENSG00000159023	chr1:28883448-28884276	309	48040	TRUE	0.196	-0.25677184256866226	FALSE	794	1	0.6829981718464351
ENSG00000130772	chr1:28883448-28884276	56	5304	TRUE	0.208	-0.4483322146374782	FALSE	794	1	0.05356958702479726
ENSG00000228589	chr1:28883448-28884276	17	1508	TRUE	0.58	-0.33857778543099304	FALSE	794	1	0.015272113626775418
ENSG00000162419	chr1:28883448-28884276	39	5472	TRUE	0.62	-0.2259082113058133	FALSE	794	1	0.05565086954483664
ENSG00000116353	chr1:28883448-28884276	222	24831	TRUE	0.636	-0.09415287314873022	FALSE	794	1	0.2895420240941265
ENSG00000180098	chr1:28883448-28884276	146	16847	TRUE	0.824	-0.13957296360662097	FALSE	794	1	0.1849341395959312
ENSG00000130770	chr1:28883448-28884276	790	101767	TRUE	7.631923574412516e-26	-0.48306560409870736	TRUE	794	2	10.547480429381709
ENSG00000242125	chr1:28883448-28884276	777	98302	TRUE	5.868442029525456e-13	-0.39854178625242254	TRUE	794	2	5.561055641494399
ENSG00000116350	chr1:28883448-28884276	550	66118	TRUE	4.333114738108182e-7	-0.513369897677924	TRUE	794	2	1.2021844091313927
ENSG00000126698	chr1:28883448-28884276	671	81443	TRUE	3.777187213514863e-5	-0.3599556027402222	TRUE	794	2	2.092757699339052
ENSG00000180198	chr1:28883448-28884276	310	35894	TRUE	4.072486420662602e-4	-0.5381219020145053	TRUE	794	2	0.47475741808465755
ENSG00000228589	chr1:28883448-28884276	17	1508	TRUE	0.0014898728244926718	-2.0755433795971987	TRUE	794	2	0.015272113626775418
ENSG00000120656	chr1:28883448-28884276	347	43853	TRUE	0.0030151489616280086	-0.3253881044744187	TRUE	794	2	0.6082876294942109
ENSG00000180098	chr1:28883448-28884276	146	16847	TRUE	0.004896281259022264	-0.4739920026771802	TRUE	794	2	0.1849341395959312
ENSG00000197989	chr1:28883448-28884276	206	20548	TRUE	0.024	-0.5106442233591681	TRUE	794	2	0.24450382037219331
ENSG00000198492	chr1:28883448-28884276	367	43617	TRUE	0.028	-0.32862445531920514	TRUE	794	2	0.6081657525898843
ENSG00000130772	chr1:28883448-28884276	56	5304	TRUE	0.084	-0.5776152315824445	FALSE	794	2	0.05356958702479726
ENSG00000130766	chr1:28883448-28884276	97	13053	TRUE	0.116	-0.20482002535826194	FALSE	794	2	0.14614915858060282
ENSG00000117748	chr1:28883448-28884276	485	57810	TRUE	0.128	-0.1993972694319166	FALSE	794	2	0.935658369662026
ENSG00000159023	chr1:28883448-28884276	309	48040	TRUE	0.132	-0.26817660584091174	FALSE	794	2	0.6829981718464351
ENSG00000240750	chr1:28883448-28884276	12	1490	TRUE	0.148	-0.8224491396455225	FALSE	794	2	0.014597103079735621
ENSG00000116353	chr1:28883448-28884276	222	24831	TRUE	0.156	-0.25169415013521035	FALSE	794	2	0.2895420240941265
ENSG00000204138	chr1:28883448-28884276	156	18165	TRUE	0.212	-0.24598307223844484	FALSE	794	2	0.20273754277410586
ENSG00000158161	chr1:28883448-28884276	126	16051	TRUE	0.308	-0.2691394880763025	FALSE	794	2	0.17926217597149954
ENSG00000162419	chr1:28883448-28884276	39	5472	TRUE	0.364	-0.29805799706164837	FALSE	794	2	0.05565086954483664
ENSG00000270605	chr1:28883448-28884276	30	4662	TRUE	0.836	0.1493066989030547	FALSE	794	2	0.04706323536305255
ENSG00000126698	chr1:28883448-28884276	671	81443	TRUE	8.627231512445435e-12	-0.51920347080251	TRUE	794	3	2.092757699339052
ENSG00000116350	chr1:28883448-28884276	550	66118	TRUE	3.365508989438529e-9	-0.5663882799774149	TRUE	794	3	1.2021844091313927
ENSG00000198492	chr1:28883448-28884276	367	43617	TRUE	2.136963784697064e-7	-0.5983225914340099	TRUE	794	3	0.6081657525898843
ENSG00000130770	chr1:28883448-28884276	790	101767	TRUE	3.044209837783163e-6	-0.27544938323925194	TRUE	794	3	10.547480429381709
ENSG00000242125	chr1:28883448-28884276	777	98302	TRUE	6.002284174039534e-6	-0.28885878016052047	TRUE	794	3	5.561055641494399
ENSG00000116353	chr1:28883448-28884276	222	24831	TRUE	4.627443370691271e-4	-0.48452831819330466	TRUE	794	3	0.2895420240941265
ENSG00000117748	chr1:28883448-28884276	485	57810	TRUE	8.577377924773866e-4	-0.33279639484911494	TRUE	794	3	0.935658369662026
ENSG00000130766	chr1:28883448-28884276	97	13053	TRUE	0.004148127897783752	-0.42241146043088884	TRUE	794	3	0.14614915858060282
ENSG00000120656	chr1:28883448-28884276	347	43853	TRUE	0.007868544157561157	-0.30462954430762124	TRUE	794	3	0.6082876294942109
ENSG00000197989	chr1:28883448-28884276	206	20548	TRUE	0.01603580513388045	-0.5106442233591681	TRUE	794	3	0.24450382037219331
ENSG00000162419	chr1:28883448-28884276	39	5472	TRUE	0.01905883604346137	-0.7254792207963243	TRUE	794	3	0.05565086954483664
ENSG00000228589	chr1:28883448-28884276	17	1508	TRUE	0.0235816232654516	-1.338577785430993	TRUE	794	3	0.015272113626775418
ENSG00000158161	chr1:28883448-28884276	126	16051	TRUE	0.024	-0.4249341606837267	TRUE	794	3	0.17926217597149954
ENSG00000270605	chr1:28883448-28884276	30	4662	TRUE	0.036	-0.39818109639943877	TRUE	794	3	0.04706323536305255
ENSG00000204138	chr1:28883448-28884276	156	18165	TRUE	0.044	-0.35819257582446973	TRUE	794	3	0.20273754277410586
ENSG00000159023	chr1:28883448-28884276	309	48040	TRUE	0.072	-0.29126021895395304	TRUE	794	3	0.6829981718464351
ENSG00000180198	chr1:28883448-28884276	310	35894	TRUE	0.208	-0.3259686651828956	FALSE	794	3	0.47475741808465755
ENSG00000180098	chr1:28883448-28884276	146	16847	TRUE	0.364	-0.21095759684338633	FALSE	794	3	0.1849341395959312
ENSG00000130772	chr1:28883448-28884276	56	5304	TRUE	0.696	-0.2556871366950819	FALSE	794	3	0.05356958702479726
ENSG00000240750	chr1:28883448-28884276	12	1490	TRUE	0.836	-0.04484156098197101	FALSE	794	3	0.014597103079735621
ENSG00000242125	chr1:28883448-28884276	777	98302	TRUE	3.4570940547900103e-20	-0.4719532205721695	TRUE	794	4	5.561055641494399
ENSG00000130770	chr1:28883448-28884276	790	101767	TRUE	4.680967415906121e-10	-0.3156088582471446	TRUE	794	4	10.547480429381709
ENSG00000126698	chr1:28883448-28884276	671	81443	TRUE	3.151650795823872e-6	-0.4009354944977822	TRUE	794	4	2.092757699339052
ENSG00000120656	chr1:28883448-28884276	347	43853	TRUE	1.312884679063788e-4	-0.40048955971513744	TRUE	794	4	0.6082876294942109
ENSG00000116350	chr1:28883448-28884276	550	66118	TRUE	4e-4	-0.46223104868612297	TRUE	794	4	1.2021844091313927
ENSG00000158161	chr1:28883448-28884276	126	16051	TRUE	0.006441487390902945	-0.47646446132380893	TRUE	794	4	0.17926217597149954
ENSG00000180098	chr1:28883448-28884276	146	16847	TRUE	0.008891340523721744	-0.48659203945681373	TRUE	794	4	0.1849341395959312
ENSG00000198492	chr1:28883448-28884276	367	43617	TRUE	0.024	-0.3352881856002159	TRUE	794	4	0.6081657525898843
ENSG00000159023	chr1:28883448-28884276	309	48040	TRUE	0.028	-0.30001269296291677	TRUE	794	4	0.6829981718464351
ENSG00000117748	chr1:28883448-28884276	485	57810	TRUE	0.04	-0.25811970855461885	TRUE	794	4	0.935658369662026
ENSG00000197989	chr1:28883448-28884276	206	20548	TRUE	0.042997816943547096	-0.49261030052890664	TRUE	794	4	0.24450382037219331
ENSG00000116353	chr1:28883448-28884276	222	24831	TRUE	0.096	-0.28679795109112605	FALSE	794	4	0.2895420240941265
ENSG00000162419	chr1:28883448-28884276	39	5472	TRUE	0.136	-0.4959973746735571	FALSE	794	4	0.05565086954483664
ENSG00000270605	chr1:28883448-28884276	30	4662	TRUE	0.136	-0.2912658924829268	FALSE	794	4	0.04706323536305255
ENSG00000130772	chr1:28883448-28884276	56	5304	TRUE	0.196	-0.5332211122239912	FALSE	794	4	0.05356958702479726
ENSG00000180198	chr1:28883448-28884276	310	35894	TRUE	0.264	-0.33835238963872805	FALSE	794	4	0.47475741808465755
ENSG00000130766	chr1:28883448-28884276	97	13053	TRUE	0.624	0.10552009525388861	FALSE	794	4	0.14614915858060282
ENSG00000228589	chr1:28883448-28884276	17	1508	TRUE	0.824	-0.20107426168105835	FALSE	794	4	0.015272113626775418
ENSG00000240750	chr1:28883448-28884276	12	1490	TRUE	0.828	-0.17037244306582977	FALSE	794	4	0.014597103079735621
ENSG00000204138	chr1:28883448-28884276	156	18165	TRUE	0.916	-0.11473853896019248	FALSE	794	4	0.20273754277410586
ENSG00000130770	chr1:28883448-28884276	790	101767	TRUE	5.805688341617439e-23	-0.47189917806770953	TRUE	794	5	10.547480429381709
ENSG00000242125	chr1:28883448-28884276	777	98302	TRUE	4.183714977564034e-11	-0.36572938726219517	TRUE	794	5	5.561055641494399
ENSG00000116350	chr1:28883448-28884276	550	66118	TRUE	1.3341109945720381e-6	-0.4967338960860622	TRUE	794	5	1.2021844091313927
ENSG00000117748	chr1:28883448-28884276	485	57810	TRUE	2.5270451475874894e-6	-0.4115505062635264	TRUE	794	5	0.935658369662026
ENSG00000120656	chr1:28883448-28884276	347	43853	TRUE	3.8385714042559285e-6	-0.44901945364279605	TRUE	794	5	0.6082876294942109
ENSG00000197989	chr1:28883448-28884276	206	20548	TRUE	5.489180588300025e-6	-0.8348424918713575	TRUE	794	5	0.24450382037219331
ENSG00000198492	chr1:28883448-28884276	367	43617	TRUE	1.2377864058643172e-4	-0.49026284557655686	TRUE	794	5	0.6081657525898843
ENSG00000126698	chr1:28883448-28884276	671	81443	TRUE	3.3226712149877005e-4	-0.3472013302594754	TRUE	794	5	2.092757699339052
ENSG00000180098	chr1:28883448-28884276	146	16847	TRUE	5.546141326240525e-4	-0.605236535955433	TRUE	794	5	0.1849341395959312
ENSG00000130766	chr1:28883448-28884276	97	13053	TRUE	8.698677505189906e-4	-0.49112421051490296	TRUE	794	5	0.14614915858060282
ENSG00000159023	chr1:28883448-28884276	309	48040	TRUE	0.0034082094507190686	-0.37201241682545183	TRUE	794	5	0.6829981718464351
ENSG00000158161	chr1:28883448-28884276	126	16051	TRUE	0.044	-0.39984317972089656	TRUE	794	5	0.17926217597149954
ENSG00000180198	chr1:28883448-28884276	310	35894	TRUE	0.052	-0.4281490599893737	TRUE	794	5	0.47475741808465755
ENSG00000162419	chr1:28883448-28884276	39	5472	TRUE	0.084	-0.4959973746735571	FALSE	794	5	0.05565086954483664
ENSG00000204138	chr1:28883448-28884276	156	18165	TRUE	0.216	-0.2757304156324971	FALSE	794	5	0.20273754277410586
ENSG00000116353	chr1:28883448-28884276	222	24831	TRUE	0.38	-0.22421341371310333	FALSE	794	5	0.2895420240941265
ENSG00000270605	chr1:28883448-28884276	30	4662	TRUE	0.58	-0.011157973290191414	FALSE	794	5	0.04706323536305255
ENSG00000130772	chr1:28883448-28884276	56	5304	TRUE	0.68	-0.08576213525276977	FALSE	794	5	0.05356958702479726
ENSG00000240750	chr1:28883448-28884276	12	1490	TRUE	0.872	-0.17037244306582977	FALSE	794	5	0.014597103079735621
ENSG00000228589	chr1:28883448-28884276	17	1508	TRUE	0.928	-0.07554337959719959	FALSE	794	5	0.015272113626775418
ENSG00000242125	chr1:28883448-28884276	777	98302	TRUE	1.1536162901038296e-10	-0.3610465753361738	TRUE	794	6	5.561055641494399
ENSG00000126698	chr1:28883448-28884276	671	81443	TRUE	3.2126229687088817e-9	-0.4652040895202699	TRUE	794	6	2.092757699339052
ENSG00000120656	chr1:28883448-28884276	347	43853	TRUE	2.2964903116690612e-7	-0.5071224082063643	TRUE	794	6	0.6082876294942109
ENSG00000198492	chr1:28883448-28884276	367	43617	TRUE	2.162561212462466e-5	-0.5089751058387274	TRUE	794	6	0.6081657525898843
ENSG00000116350	chr1:28883448-28884276	550	66118	TRUE	3.372624436602479e-5	-0.43732570692330264	TRUE	794	6	1.2021844091313927
ENSG00000117748	chr1:28883448-28884276	485	57810	TRUE	6.254296556499738e-5	-0.37395371960587487	TRUE	794	6	0.935658369662026
ENSG00000159023	chr1:28883448-28884276	309	48040	TRUE	1.257316495097971e-4	-0.45104066299072243	TRUE	794	6	0.6829981718464351
ENSG00000180198	chr1:28883448-28884276	310	35894	TRUE	0.001075659646709519	-0.5051714802132187	TRUE	794	6	0.47475741808465755
ENSG00000130770	chr1:28883448-28884276	790	101767	TRUE	0.072	-0.16198970198229246	FALSE	794	6	10.547480429381709
ENSG00000180098	chr1:28883448-28884276	146	16847	TRUE	0.08	-0.3652857432346801	FALSE	794	6	0.1849341395959312
ENSG00000158161	chr1:28883448-28884276	126	16051	TRUE	0.084	-0.3509335792399497	FALSE	794	6	0.17926217597149954
ENSG00000162419	chr1:28883448-28884276	39	5472	TRUE	0.096	-0.4959973746735571	FALSE	794	6	0.05565086954483664
ENSG00000204138	chr1:28883448-28884276	156	18165	TRUE	0.096	-0.3061040646760156	FALSE	794	6	0.20273754277410586
ENSG00000130772	chr1:28883448-28884276	56	5304	TRUE	0.1	0.22973969047516007	FALSE	794	6	0.05356958702479726
ENSG00000130766	chr1:28883448-28884276	97	13053	TRUE	0.128	-0.1904647323811921	FALSE	794	6	0.14614915858060282
ENSG00000197989	chr1:28883448-28884276	206	20548	TRUE	0.156	-0.3477937476771258	FALSE	794	6	0.24450382037219331
ENSG00000228589	chr1:28883448-28884276	17	1508	TRUE	0.356	0.24638471529016304	FALSE	794	6	0.015272113626775418
ENSG00000270605	chr1:28883448-28884276	30	4662	TRUE	0.568	-0.011157973290191414	FALSE	794	6	0.04706323536305255
ENSG00000240750	chr1:28883448-28884276	12	1490	TRUE	0.796	-0.04484156098197101	FALSE	794	6	0.014597103079735621
ENSG00000116353	chr1:28883448-28884276	222	24831	TRUE	0.988	-0.10664381733192707	FALSE	794	6	0.2895420240941265
ENSG00000126698	chr1:28883448-28884276	671	81443	TRUE	2.4566815289117205e-6	-0.4019496914048494	TRUE	794	7	2.092757699339052
ENSG00000120656	chr1:28883448-28884276	347	43853	TRUE	4.246857481330908e-6	-0.4681282765905006	TRUE	794	7	0.6082876294942109
ENSG00000117748	chr1:28883448-28884276	485	57810	TRUE	6.4920235848450465e-6	-0.4044260718301449	TRUE	794	7	0.935658369662026
ENSG00000180198	chr1:28883448-28884276	310	35894	TRUE	6.894378991325138e-6	-0.6520128685424899	TRUE	794	7	0.47475741808465755
ENSG00000116350	chr1:28883448-28884276	550	66118	TRUE	1.3680578660030894e-5	-0.464026562347737	TRUE	794	7	1.2021844091313927
ENSG00000242125	chr1:28883448-28884276	777	98302	TRUE	4.829125767954654e-5	-0.26496951246029177	TRUE	794	7	5.561055641494399
ENSG00000116353	chr1:28883448-28884276	222	24831	TRUE	0.004311410485819497	-0.42075240775999045	TRUE	794	7	0.2895420240941265
ENSG00000197989	chr1:28883448-28884276	206	20548	TRUE	0.004730011919556146	-0.5755996651999382	TRUE	794	7	0.24450382037219331
ENSG00000130766	chr1:28883448-28884276	97	13053	TRUE	0.0057526558805387346	-0.40573271928425836	TRUE	794	7	0.14614915858060282
ENSG00000198492	chr1:28883448-28884276	367	43617	TRUE	0.007426018695400632	-0.3690764990564994	TRUE	794	7	0.6081657525898843
ENSG00000180098	chr1:28883448-28884276	146	16847	TRUE	0.028	-0.43683900425971434	TRUE	794	7	0.1849341395959312
ENSG00000130770	chr1:28883448-28884276	790	101767	TRUE	0.04	-0.1628872911613044	TRUE	794	7	10.547480429381709
ENSG00000270605	chr1:28883448-28884276	30	4662	TRUE	0.044	-0.39818109639943877	TRUE	794	7	0.04706323536305255
ENSG00000159023	chr1:28883448-28884276	309	48040	TRUE	0.124	-0.28545459727274736	FALSE	794	7	0.6829981718464351
ENSG00000162419	chr1:28883448-28884276	39	5472	TRUE	0.148	-0.4959973746735571	FALSE	794	7	0.05565086954483664
ENSG00000228589	chr1:28883448-28884276	17	1508	TRUE	0.168	-0.6605058803183557	FALSE	794	7	0.015272113626775418
ENSG00000240750	chr1:28883448-28884276	12	1490	TRUE	0.34	0.2770865339053916	FALSE	794	7	0.014597103079735621
ENSG00000204138	chr1:28883448-28884276	156	18165	TRUE	0.632	-0.17886887637990823	FALSE	794	7	0.20273754277410586
ENSG00000130772	chr1:28883448-28884276	56	5304	TRUE	0.66	-0.08576213525276977	FALSE	794	7	0.05356958702479726
ENSG00000158161	chr1:28883448-28884276	126	16051	TRUE	0.924	-0.1388831021249608	FALSE	794	7	0.17926217597149954
ENSG00000130770	chr1:28883448-28884276	790	101767	TRUE	2.233989584505929e-14	-0.38136433806135805	TRUE	794	8	10.547480429381709
ENSG00000242125	chr1:28883448-28884276	777	98302	TRUE	5.409098867995905e-9	-0.339392209464787	TRUE	794	8	5.561055641494399
ENSG00000159023	chr1:28883448-28884276	309	48040	TRUE	7.435504068364542e-6	-0.5141374983157642	TRUE	794	8	0.6829981718464351
ENSG00000126698	chr1:28883448-28884276	671	81443	TRUE	6.29690435052857e-4	-0.34038006440346136	TRUE	794	8	2.092757699339052
ENSG00000116353	chr1:28883448-28884276	222	24831	TRUE	0.0017308241794793053	-0.4443392280776064	TRUE	794	8	0.2895420240941265
ENSG00000116350	chr1:28883448-28884276	550	66118	TRUE	0.002359818214918666	-0.3887688867451017	TRUE	794	8	1.2021844091313927
ENSG00000197989	chr1:28883448-28884276	206	20548	TRUE	0.0075827987333717956	-0.5474027733692859	TRUE	794	8	0.24450382037219331
ENSG00000117748	chr1:28883448-28884276	485	57810	TRUE	0.008159419580873115	-0.2884022754906615	TRUE	794	8	0.935658369662026
ENSG00000158161	chr1:28883448-28884276	126	16051	TRUE	0.028	-0.4123341239040932	TRUE	794	8	0.17926217597149954
ENSG00000180098	chr1:28883448-28884276	146	16847	TRUE	0.028	-0.41259145801303676	TRUE	794	8	0.1849341395959312
ENSG00000180198	chr1:28883448-28884276	310	35894	TRUE	0.028	-0.44144588260283146	TRUE	794	8	0.47475741808465755
ENSG00000198492	chr1:28883448-28884276	367	43617	TRUE	0.088	-0.2957598214135787	FALSE	794	8	0.6081657525898843
ENSG00000120656	chr1:28883448-28884276	347	43853	TRUE	0.128	-0.21797516205343914	FALSE	794	8	0.6082876294942109
ENSG00000130766	chr1:28883448-28884276	97	13053	TRUE	0.128	-0.21931959505337728	FALSE	794	8	0.14614915858060282
ENSG00000270605	chr1:28883448-28884276	30	4662	TRUE	0.204	-0.1444245041536556	FALSE	794	8	0.04706323536305255
ENSG00000162419	chr1:28883448-28884276	39	5472	TRUE	0.26	-0.37400685029494696	FALSE	794	8	0.05565086954483664
ENSG00000240750	chr1:28883448-28884276	12	1490	TRUE	0.372	0.2770865339053916	FALSE	794	8	0.014597103079735621
ENSG00000130772	chr1:28883448-28884276	56	5304	TRUE	0.688	-0.08576213525276977	FALSE	794	8	0.05356958702479726
ENSG00000204138	chr1:28883448-28884276	156	18165	TRUE	0.856	-0.11473853896019248	FALSE	794	8	0.20273754277410586
ENSG00000228589	chr1:28883448-28884276	17	1508	TRUE	0.996	-0.07554337959719959	FALSE	794	8	0.015272113626775418
ENSG00000126698	chr1:28883448-28884276	671	81443	TRUE	2.8343852932010414e-10	-0.4811927464139475	TRUE	794	9	2.092757699339052
ENSG00000116350	chr1:28883448-28884276	550	66118	TRUE	6.454442728376396e-8	-0.526442951903225	TRUE	794	9	1.2021844091313927
ENSG00000159023	chr1:28883448-28884276	309	48040	TRUE	1.121910416798308e-5	-0.48390529689634887	TRUE	794	9	0.6829981718464351
ENSG00000130770	chr1:28883448-28884276	790	101767	TRUE	2.5863760216323153e-5	-0.25272020619862934	TRUE	794	9	10.547480429381709
ENSG00000242125	chr1:28883448-28884276	777	98302	TRUE	7.284814074721396e-5	-0.257335225814066	TRUE	794	9	5.561055641494399
ENSG00000130766	chr1:28883448-28884276	97	13053	TRUE	1.3478275167319587e-4	-0.6392228495040371	TRUE	794	9	0.14614915858060282
ENSG00000117748	chr1:28883448-28884276	485	57810	TRUE	2.4661631515791264e-4	-0.36010374084485036	TRUE	794	9	0.935658369662026
ENSG00000198492	chr1:28883448-28884276	367	43617	TRUE	3.419104982049985e-4	-0.439123996584756	TRUE	794	9	0.6081657525898843
ENSG00000120656	chr1:28883448-28884276	347	43853	TRUE	4.394849342876546e-4	-0.3535391447885676	TRUE	794	9	0.6082876294942109
ENSG00000162419	chr1:28883448-28884276	39	5472	TRUE	0.04	-0.6292639055370213	TRUE	794	9	0.05565086954483664
ENSG00000180098	chr1:28883448-28884276	146	16847	TRUE	0.116	-0.31948205362155546	FALSE	794	9	0.1849341395959312
ENSG00000116353	chr1:28883448-28884276	222	24831	TRUE	0.132	-0.24477473619541956	FALSE	794	9	0.2895420240941265
ENSG00000158161	chr1:28883448-28884276	126	16051	TRUE	0.176	-0.2578241748484684	FALSE	794	9	0.17926217597149954
ENSG00000228589	chr1:28883448-28884276	17	1508	TRUE	0.184	-0.6605058803183557	FALSE	794	9	0.015272113626775418
ENSG00000197989	chr1:28883448-28884276	206	20548	TRUE	0.472	-0.3236812915603182	FALSE	794	9	0.24450382037219331
ENSG00000130772	chr1:28883448-28884276	56	5304	TRUE	0.476	-0.3681618659534944	FALSE	794	9	0.05356958702479726
ENSG00000180198	chr1:28883448-28884276	310	35894	TRUE	0.552	-0.26954323172007666	FALSE	794	9	0.47475741808465755
ENSG00000270605	chr1:28883448-28884276	30	4662	TRUE	0.664	0.1867814043217173	FALSE	794	9	0.04706323536305255
ENSG00000240750	chr1:28883448-28884276	12	1490	TRUE	0.736	-0.30787596681576446	FALSE	794	9	0.014597103079735621
ENSG00000204138	chr1:28883448-28884276	156	18165	TRUE	0.764	-0.0793332028289937	FALSE	794	9	0.20273754277410586
ENSG00000130770	chr1:28883448-28884276	790	101767	TRUE	1.5861064157883914e-25	-0.46945412002159514	TRUE	794	10	10.547480429381709
ENSG00000126698	chr1:28883448-28884276	671	81443	TRUE	9.156797335345408e-12	-0.5324697255763835	TRUE	794	10	2.092757699339052
ENSG00000117748	chr1:28883448-28884276	485	57810	TRUE	9.871736684803763e-8	-0.4452711241075275	TRUE	794	10	0.935658369662026
ENSG00000242125	chr1:28883448-28884276	777	98302	TRUE	1.064438342523251e-6	-0.2810973688809999	TRUE	794	10	5.561055641494399
ENSG00000120656	chr1:28883448-28884276	347	43853	TRUE	3.954980787466023e-6	-0.44901945364279605	TRUE	794	10	0.6082876294942109
ENSG00000159023	chr1:28883448-28884276	309	48040	TRUE	3.2994016315340303e-5	-0.47066946973965496	TRUE	794	10	0.6829981718464351
ENSG00000180198	chr1:28883448-28884276	310	35894	TRUE	0.013039048149890384	-0.42374388086937265	TRUE	794	10	0.47475741808465755
ENSG00000197989	chr1:28883448-28884276	206	20548	TRUE	0.01811913863231135	-0.5106442233591681	TRUE	794	10	0.24450382037219331
ENSG00000130766	chr1:28883448-28884276	97	13053	TRUE	0.02025820394560532	-0.35682311880331197	TRUE	794	10	0.14614915858060282
ENSG00000116353	chr1:28883448-28884276	222	24831	TRUE	0.03323924778007736	-0.3300820488199263	TRUE	794	10	0.2895420240941265
ENSG00000158161	chr1:28883448-28884276	126	16051	TRUE	0.052	-0.4123341239040932	TRUE	794	10	0.17926217597149954
ENSG00000198492	chr1:28883448-28884276	367	43617	TRUE	0.06	-0.3352881856002159	TRUE	794	10	0.6081657525898843
ENSG00000204138	chr1:28883448-28884276	156	18165	TRUE	0.06	-0.35819257582446973	TRUE	794	10	0.20273754277410586
ENSG00000116350	chr1:28883448-28884276	550	66118	TRUE	0.072	-0.3156212140112914	TRUE	794	10	1.2021844091313927
ENSG00000130772	chr1:28883448-28884276	56	5304	TRUE	0.072	-0.5776152315824445	TRUE	794	10	0.05356958702479726
ENSG00000162419	chr1:28883448-28884276	39	5472	TRUE	0.172	-0.41353521448158403	FALSE	794	10	0.05565086954483664
ENSG00000228589	chr1:28883448-28884276	17	1508	TRUE	0.412	-0.4905808788760426	FALSE	794	10	0.015272113626775418
ENSG00000180098	chr1:28883448-28884276	146	16847	TRUE	0.572	-0.21095759684338633	FALSE	794	10	0.1849341395959312
ENSG00000270605	chr1:28883448-28884276	30	4662	TRUE	0.716	0.030662202404434957	FALSE	794	10	0.04706323536305255
ENSG00000240750	chr1:28883448-28884276	12	1490	TRUE	0.904	-0.04484156098197101	FALSE	794	10	0.014597103079735621
ENSG00000130770	chr1:28883448-28884276	790	101767	TRUE	1.0546771172045765e-15	-0.3945876484388715	TRUE	794	11	10.547480429381709
ENSG00000126698	chr1:28883448-28884276	671	81443	TRUE	3.665649981910232e-8	-0.43271194517553624	TRUE	794	11	2.092757699339052
ENSG00000159023	chr1:28883448-28884276	309	48040	TRUE	2.176255137336443e-6	-0.5107469091149899	TRUE	794	11	0.6829981718464351
ENSG00000242125	chr1:28883448-28884276	777	98302	TRUE	7.333124740968933e-6	-0.2836798693241307	TRUE	794	11	5.561055641494399
ENSG00000116350	chr1:28883448-28884276	550	66118	TRUE	4e-4	-0.5936464870218388	TRUE	794	11	1.2021844091313927
ENSG00000120656	chr1:28883448-28884276	347	43853	TRUE	0.032	-0.2706822123842838	FALSE	794	11	0.6082876294942109
ENSG00000117748	chr1:28883448-28884276	485	57810	TRUE	0.052	-0.2517124661614805	FALSE	794	11	0.935658369662026
ENSG00000198492	chr1:28883448-28884276	367	43617	TRUE	0.148	-0.2668084477174495	FALSE	794	11	0.6081657525898843
ENSG00000116353	chr1:28883448-28884276	222	24831	TRUE	0.152	-0.25169415013521035	FALSE	794	11	0.2895420240941265
ENSG00000162419	chr1:28883448-28884276	39	5472	TRUE	0.228	-0.4959973746735571	FALSE	794	11	0.05565086954483664
ENSG00000130772	chr1:28883448-28884276	56	5304	TRUE	0.244	-0.49015239033210456	FALSE	794	11	0.05356958702479726
ENSG00000270605	chr1:28883448-28884276	30	4662	TRUE	0.288	-0.1917302189320127	FALSE	794	11	0.04706323536305255
ENSG00000130766	chr1:28883448-28884276	97	13053	TRUE	0.352	-0.1072092287318398	FALSE	794	11	0.14614915858060282
ENSG00000204138	chr1:28883448-28884276	156	18165	TRUE	0.384	-0.2264868966126481	FALSE	794	11	0.20273754277410586
ENSG00000180098	chr1:28883448-28884276	146	16847	TRUE	0.428	-0.22144997066102867	FALSE	794	11	0.1849341395959312
ENSG00000197989	chr1:28883448-28884276	206	20548	TRUE	0.464	-0.33167408231384865	FALSE	794	11	0.24450382037219331
ENSG00000158161	chr1:28883448-28884276	126	16051	TRUE	0.544	-0.04837080921951875	FALSE	794	11	0.17926217597149954
ENSG00000228589	chr1:28883448-28884276	17	1508	TRUE	0.568	-0.33857778543099304	FALSE	794	11	0.015272113626775418
ENSG00000180198	chr1:28883448-28884276	310	35894	TRUE	0.6	-0.26954323172007666	FALSE	794	11	0.47475741808465755
ENSG00000240750	chr1:28883448-28884276	12	1490	TRUE	0.788	0.07063565643796554	FALSE	794	11	0.014597103079735621
ENSG00000130770	chr1:28883448-28884276	790	101767	TRUE	6.807529239779831e-20	-0.4426104608942323	TRUE	794	12	10.547480429381709
ENSG00000242125	chr1:28883448-28884276	777	98302	TRUE	7.765369520441334e-13	-0.3810543595235818	TRUE	794	12	5.561055641494399
ENSG00000126698	chr1:28883448-28884276	671	81443	TRUE	8.161601466965901e-9	-0.4652040895202699	TRUE	794	12	2.092757699339052
ENSG00000120656	chr1:28883448-28884276	347	43853	TRUE	4.258995267993689e-5	-0.41154474822413323	TRUE	794	12	0.6082876294942109
ENSG00000159023	chr1:28883448-28884276	309	48040	TRUE	1.9246742744069464e-4	-0.4316753381237912	TRUE	794	12	0.6829981718464351
ENSG00000198492	chr1:28883448-28884276	367	43617	TRUE	2.7559809687520073e-4	-0.4319642050118896	TRUE	794	12	0.6081657525898843
ENSG00000116350	chr1:28883448-28884276	550	66118	TRUE	4e-4	-0.5819012793487395	TRUE	794	12	1.2021844091313927
ENSG00000117748	chr1:28883448-28884276	485	57810	TRUE	0.0036459395426500715	-0.29717248511839367	TRUE	794	12	0.935658369662026
ENSG00000116353	chr1:28883448-28884276	222	24831	TRUE	0.004599207474963785	-0.42857191221928925	TRUE	794	12	0.2895420240941265
ENSG00000180098	chr1:28883448-28884276	146	16847	TRUE	0.01566673779283327	-0.4615010584939836	TRUE	794	12	0.1849341395959312
ENSG00000197989	chr1:28883448-28884276	206	20548	TRUE	0.108	-0.4312097558647632	FALSE	794	12	0.24450382037219331
ENSG00000270605	chr1:28883448-28884276	30	4662	TRUE	0.28	-0.1917302189320127	FALSE	794	12	0.04706323536305255
ENSG00000158161	chr1:28883448-28884276	126	16051	TRUE	0.336	-0.23545636182001406	FALSE	794	12	0.17926217597149954
ENSG00000130766	chr1:28883448-28884276	97	13053	TRUE	0.348	-0.1344306974668643	FALSE	794	12	0.14614915858060282
ENSG00000130772	chr1:28883448-28884276	56	5304	TRUE	0.348	0.007347269138711532	FALSE	794	12	0.05356958702479726
ENSG00000180198	chr1:28883448-28884276	310	35894	TRUE	0.348	-0.3300847736551277	FALSE	794	12	0.47475741808465755
ENSG00000240750	chr1:28883448-28884276	12	1490	TRUE	0.456	-0.45987906026081404	FALSE	794	12	0.014597103079735621
ENSG00000204138	chr1:28883448-28884276	156	18165	TRUE	0.492	-0.2264868966126481	FALSE	794	12	0.20273754277410586
ENSG00000228589	chr1:28883448-28884276	17	1508	TRUE	0.788	-0.20107426168105835	FALSE	794	12	0.015272113626775418
ENSG00000162419	chr1:28883448-28884276	39	5472	TRUE	0.804	-0.15719546122179828	FALSE	794	12	0.05565086954483664
ENSG00000130770	chr1:28883448-28884276	790	101767	TRUE	2.8709777325616718e-11	-0.3334858511577483	TRUE	794	13	10.547480429381709
ENSG00000242125	chr1:28883448-28884276	777	98302	TRUE	5.7820711527695856e-11	-0.37632162141086	TRUE	794	13	5.561055641494399
ENSG00000159023	chr1:28883448-28884276	309	48040	TRUE	4.618199631123632e-8	-0.5872450465890333	TRUE	794	13	0.6829981718464351
ENSG00000126698	chr1:28883448-28884276	671	81443	TRUE	8.0064045422368e-8	-0.4399851800877138	TRUE	794	13	2.092757699339052
ENSG00000116350	chr1:28883448-28884276	550	66118	TRUE	2.8096261689075876e-7	-0.513369897677924	TRUE	794	13	1.2021844091313927
ENSG00000117748	chr1:28883448-28884276	485	57810	TRUE	6.506753770136621e-7	-0.4428361951904738	TRUE	794	13	0.935658369662026
ENSG00000116353	chr1:28883448-28884276	222	24831	TRUE	2.44305896020835e-5	-0.5512544319941179	TRUE	794	13	0.2895420240941265
ENSG00000204138	chr1:28883448-28884276	156	18165	TRUE	0.0020066318975776876	-0.46837549357489294	TRUE	794	13	0.20273754277410586
ENSG00000120656	chr1:28883448-28884276	347	43853	TRUE	0.0022753189064795565	-0.349990077707497	TRUE	794	13	0.6082876294942109
ENSG00000198492	chr1:28883448-28884276	367	43617	TRUE	0.005431143290095537	-0.38627211431902087	TRUE	794	13	0.6081657525898843
ENSG00000130772	chr1:28883448-28884276	56	5304	TRUE	0.0072370525657479146	-0.8227277294189754	TRUE	794	13	0.05356958702479726
ENSG00000180198	chr1:28883448-28884276	310	35894	TRUE	0.028270223888532037	-0.43699997757163944	TRUE	794	13	0.47475741808465755
ENSG00000197989	chr1:28883448-28884276	206	20548	TRUE	0.052	-0.45720496439770786	TRUE	794	13	0.24450382037219331
ENSG00000270605	chr1:28883448-28884276	30	4662	TRUE	0.068	-0.3437333123770623	TRUE	794	13	0.04706323536305255
ENSG00000180098	chr1:28883448-28884276	146	16847	TRUE	0.36	-0.2426664565707246	FALSE	794	13	0.1849341395959312
ENSG00000228589	chr1:28883448-28884276	17	1508	TRUE	0.504	-0.33857778543099304	FALSE	794	13	0.015272113626775418
ENSG00000130766	chr1:28883448-28884276	97	13053	TRUE	0.688	-0.0804918903560603	FALSE	794	13	0.14614915858060282
ENSG00000158161	chr1:28883448-28884276	126	16051	TRUE	0.796	-0.17036133359812888	FALSE	794	13	0.17926217597149954
ENSG00000162419	chr1:28883448-28884276	39	5472	TRUE	0.976	-0.0916071195942223	FALSE	794	13	0.05565086954483664
ENSG00000240750	chr1:28883448-28884276	12	1490	TRUE	0.976	-0.17037244306582977	FALSE	794	13	0.014597103079735621
ENSG00000130770	chr1:28883448-28884276	790	101767	TRUE	5.557802792101801e-25	-0.5011136273144499	TRUE	794	14	10.547480429381709
ENSG00000242125	chr1:28883448-28884276	777	98302	TRUE	1.1239754347478036e-8	-0.3401600088660328	TRUE	794	14	5.561055641494399
ENSG00000116350	chr1:28883448-28884276	550	66118	TRUE	9.620654516987977e-7	-0.5059524261154408	TRUE	794	14	1.2021844091313927
ENSG00000159023	chr1:28883448-28884276	309	48040	TRUE	2.2042567849885173e-6	-0.5175360747776292	TRUE	794	14	0.6829981718464351
ENSG00000120656	chr1:28883448-28884276	347	43853	TRUE	3.0343092122573734e-6	-0.4681282765905006	TRUE	794	14	0.6082876294942109
ENSG00000126698	chr1:28883448-28884276	671	81443	TRUE	2.135971304804106e-5	-0.3788016636362235	TRUE	794	14	2.092757699339052
ENSG00000180198	chr1:28883448-28884276	310	35894	TRUE	5.848998974206116e-4	-0.5428911461623774	TRUE	794	14	0.47475741808465755
ENSG00000162419	chr1:28883448-28884276	39	5472	TRUE	7.57444904306348e-4	-1.059898259866884	TRUE	794	14	0.05565086954483664
ENSG00000116353	chr1:28883448-28884276	222	24831	TRUE	0.004324649287021615	-0.39754501659866515	TRUE	794	14	0.2895420240941265
ENSG00000240750	chr1:28883448-28884276	12	1490	TRUE	0.007127613720719683	-2.04484156098197	TRUE	794	14	0.014597103079735621
ENSG00000197989	chr1:28883448-28884276	206	20548	TRUE	0.028	-0.5106442233591681	TRUE	794	14	0.24450382037219331
ENSG00000158161	chr1:28883448-28884276	126	16051	TRUE	0.036	-0.4249341606837267	TRUE	794	14	0.17926217597149954
ENSG00000204138	chr1:28883448-28884276	156	18165	TRUE	0.048	-0.33713096029664014	TRUE	794	14	0.20273754277410586
ENSG00000130772	chr1:28883448-28884276	56	5304	TRUE	0.052	-0.6234189211955687	TRUE	794	14	0.05356958702479726
ENSG00000198492	chr1:28883448-28884276	367	43617	TRUE	0.052	-0.32862445531920514	TRUE	794	14	0.6081657525898843
ENSG00000180098	chr1:28883448-28884276	146	16847	TRUE	0.068	-0.3536977689594685	TRUE	794	14	0.1849341395959312
ENSG00000130766	chr1:28883448-28884276	97	13053	TRUE	0.192	-0.21931959505337728	FALSE	794	14	0.14614915858060282
ENSG00000117748	chr1:28883448-28884276	485	57810	TRUE	0.196	-0.20557584436104087	FALSE	794	14	0.935658369662026
ENSG00000270605	chr1:28883448-28884276	30	4662	TRUE	0.66	0.07130418690178164	FALSE	794	14	0.04706323536305255
ENSG00000228589	chr1:28883448-28884276	17	1508	TRUE	0.752	-0.20107426168105835	FALSE	794	14	0.015272113626775418
ENSG00000242125	chr1:28883448-28884276	777	98302	TRUE	3.5428349353486265e-10	-0.34979213865604475	TRUE	794	15	5.561055641494399
ENSG00000198492	chr1:28883448-28884276	367	43617	TRUE	2.172429821864757e-5	-0.5052131870425284	TRUE	794	15	0.6081657525898843
ENSG00000120656	chr1:28883448-28884276	347	43853	TRUE	5.174941802534212e-5	-0.4339125612525878	TRUE	794	15	0.6082876294942109
ENSG00000116350	chr1:28883448-28884276	550	66118	TRUE	4e-4	-0.5663882799774149	TRUE	794	15	1.2021844091313927
ENSG00000159023	chr1:28883448-28884276	309	48040	TRUE	4.739264167531714e-4	-0.39996647839645294	TRUE	794	15	0.6829981718464351
ENSG00000126698	chr1:28883448-28884276	671	81443	TRUE	0.0011951545254930349	-0.3306910082350274	TRUE	794	15	2.092757699339052
ENSG00000116353	chr1:28883448-28884276	222	24831	TRUE	0.011816216538669835	-0.38227825994535447	TRUE	794	15	0.2895420240941265
ENSG00000204138	chr1:28883448-28884276	156	18165	TRUE	0.01688990352922007	-0.4232876040463549	TRUE	794	15	0.20273754277410586
ENSG00000130766	chr1:28883448-28884276	97	13053	TRUE	0.024378790835094866	-0.3251142590759737	TRUE	794	15	0.14614915858060282
ENSG00000130772	chr1:28883448-28884276	56	5304	TRUE	0.028	-0.7196342364548718	TRUE	794	15	0.05356958702479726
ENSG00000180098	chr1:28883448-28884276	146	16847	TRUE	0.056	-0.3536977689594685	FALSE	794	15	0.1849341395959312
ENSG00000158161	chr1:28883448-28884276	126	16051	TRUE	0.124	-0.30362786446159307	FALSE	794	15	0.17926217597149954
ENSG00000197989	chr1:28883448-28884276	206	20548	TRUE	0.148	-0.3972624239414255	FALSE	794	15	0.24450382037219331
ENSG00000117748	chr1:28883448-28884276	485	57810	TRUE	0.188	-0.20145385572585423	FALSE	794	15	0.935658369662026
ENSG00000270605	chr1:28883448-28884276	30	4662	TRUE	0.196	-0.1917302189320127	FALSE	794	15	0.04706323536305255
ENSG00000162419	chr1:28883448-28884276	39	5472	TRUE	0.228	-0.41353521448158403	FALSE	794	15	0.05565086954483664
ENSG00000130770	chr1:28883448-28884276	790	101767	TRUE	0.248	-0.15536484187529798	FALSE	794	15	10.547480429381709
ENSG00000180198	chr1:28883448-28884276	310	35894	TRUE	0.324	-0.30556245452105857	FALSE	794	15	0.47475741808465755
ENSG00000240750	chr1:28883448-28884276	12	1490	TRUE	0.9	-0.17037244306582977	FALSE	794	15	0.014597103079735621
ENSG00000228589	chr1:28883448-28884276	17	1508	TRUE	0.928	-0.07554337959719959	FALSE	794	15	0.015272113626775418
ENSG00000242125	chr1:28883448-28884276	777	98302	TRUE	4.797447125087214e-19	-0.4757447997345432	TRUE	794	16	5.561055641494399
ENSG00000117748	chr1:28883448-28884276	485	57810	TRUE	2.260690472822483e-8	-0.5024396474298954	TRUE	794	16	0.935658369662026
ENSG00000126698	chr1:28883448-28884276	671	81443	TRUE	2.6984404369701594e-8	-0.4420699998737704	TRUE	794	16	2.092757699339052
ENSG00000120656	chr1:28883448-28884276	347	43853	TRUE	3.104407495505717e-5	-0.4264180247056635	TRUE	794	16	0.6082876294942109
ENSG00000159023	chr1:28883448-28884276	309	48040	TRUE	1.8288071143214742e-4	-0.42527756692564067	TRUE	794	16	0.6829981718464351
ENSG00000198492	chr1:28883448-28884276	367	43617	TRUE	2.4643383915207975e-4	-0.44631949798895987	TRUE	794	16	0.6081657525898843
ENSG00000197989	chr1:28883448-28884276	206	20548	TRUE	0.001891512253562419	-0.6043586581813623	TRUE	794	16	0.24450382037219331
ENSG00000130770	chr1:28883448-28884276	790	101767	TRUE	0.0034397859990008307	-0.213878971283318	TRUE	794	16	10.547480429381709
ENSG00000204138	chr1:28883448-28884276	156	18165	TRUE	0.004744701189445935	-0.5031409117355694	TRUE	794	16	0.20273754277410586
ENSG00000116350	chr1:28883448-28884276	550	66118	TRUE	0.005016395594091186	-0.3819637088399874	TRUE	794	16	1.2021844091313927
ENSG00000116353	chr1:28883448-28884276	222	24831	TRUE	0.009252114084603726	-0.38227825994535447	TRUE	794	16	0.2895420240941265
ENSG00000270605	chr1:28883448-28884276	30	4662	TRUE	0.04	-0.45476462476580615	TRUE	794	16	0.04706323536305255
ENSG00000130772	chr1:28883448-28884276	56	5304	TRUE	0.128	-0.49015239033210456	FALSE	794	16	0.05356958702479726
ENSG00000162419	chr1:28883448-28884276	39	5472	TRUE	0.132	-0.5390660965654437	FALSE	794	16	0.05565086954483664
ENSG00000180098	chr1:28883448-28884276	146	16847	TRUE	0.132	-0.2860590520841053	FALSE	794	16	0.1849341395959312
ENSG00000158161	chr1:28883448-28884276	126	16051	TRUE	0.172	-0.31530966950922856	FALSE	794	16	0.17926217597149954
ENSG00000228589	chr1:28883448-28884276	17	1508	TRUE	0.212	-0.4905808788760426	FALSE	794	16	0.015272113626775418
ENSG00000180198	chr1:28883448-28884276	310	35894	TRUE	0.216	-0.3259686651828956	FALSE	794	16	0.47475741808465755
ENSG00000240750	chr1:28883448-28884276	12	1490	TRUE	0.256	-0.6298040617031271	FALSE	794	16	0.014597103079735621
ENSG00000130766	chr1:28883448-28884276	97	13053	TRUE	0.388	0.09383829020625312	FALSE	794	16	0.14614915858060282
ENSG00000130770	chr1:28883448-28884276	790	101767	TRUE	2.7843292258704502e-11	-0.33328375057033544	TRUE	794	17	10.547480429381709
ENSG00000116350	chr1:28883448-28884276	550	66118	TRUE	7.350801459123665e-7	-0.4967338960860622	TRUE	794	17	1.2021844091313927
ENSG00000242125	chr1:28883448-28884276	777	98302	TRUE	2.74332706754663e-5	-0.27191170789376073	TRUE	794	17	5.561055641494399
ENSG00000120656	chr1:28883448-28884276	347	43853	TRUE	1.0063930641360025e-4	-0.40785026466639174	TRUE	794	17	0.6082876294942109
ENSG00000126698	chr1:28883448-28884276	671	81443	TRUE	1.5427488707307063e-4	-0.3452491039251968	TRUE	794	17	2.092757699339052
ENSG00000198492	chr1:28883448-28884276	367	43617	TRUE	3.3210869708515806e-4	-0.4319642050118896	TRUE	794	17	0.6081657525898843
ENSG00000180198	chr1:28883448-28884276	310	35894	TRUE	0.0042277709416141465	-0.46841293020310093	TRUE	794	17	0.47475741808465755
ENSG00000204138	chr1:28883448-28884276	156	18165	TRUE	0.008453391162211922	-0.45697073030264335	TRUE	794	17	0.20273754277410586
ENSG00000116353	chr1:28883448-28884276	222	24831	TRUE	0.01505009074898253	-0.36717136755514623	TRUE	794	17	0.2895420240941265
ENSG00000159023	chr1:28883448-28884276	309	48040	TRUE	0.022876261592212538	-0.3236155922663382	TRUE	794	17	0.6829981718464351
ENSG00000180098	chr1:28883448-28884276	146	16847	TRUE	0.056	-0.3887447160586692	FALSE	794	17	0.1849341395959312
ENSG00000158161	chr1:28883448-28884276	126	16051	TRUE	0.06	-0.3751811254866273	FALSE	794	17	0.17926217597149954
ENSG00000117748	chr1:28883448-28884276	485	57810	TRUE	0.276	-0.1871189396534798	FALSE	794	17	0.935658369662026
ENSG00000197989	chr1:28883448-28884276	206	20548	TRUE	0.332	-0.33971140137926703	FALSE	794	17	0.24450382037219331
ENSG00000130766	chr1:28883448-28884276	97	13053	TRUE	0.44	-0.12075576056978754	FALSE	794	17	0.14614915858060282
ENSG00000130772	chr1:28883448-28884276	56	5304	TRUE	0.5	-0.32968771813885844	FALSE	794	17	0.05356958702479726
ENSG00000228589	chr1:28883448-28884276	17	1508	TRUE	0.688	0.03993383782273696	FALSE	794	17	0.015272113626775418
ENSG00000162419	chr1:28883448-28884276	39	5472	TRUE	0.704	-0.15719546122179828	FALSE	794	17	0.05565086954483664
ENSG00000270605	chr1:28883448-28884276	30	4662	TRUE	0.72	0.22330728034683123	FALSE	794	17	0.04706323536305255
ENSG00000240750	chr1:28883448-28884276	12	1490	TRUE	0.832	-0.30787596681576446	FALSE	794	17	0.014597103079735621
ENSG00000117748	chr1:28883448-28884276	485	57810	TRUE	2.307807231648805e-11	-0.5646120700721886	TRUE	794	18	0.935658369662026
ENSG00000126698	chr1:28883448-28884276	671	81443	TRUE	9.448388366855737e-11	-0.47370931704772756	TRUE	794	18	2.092757699339052
ENSG00000130770	chr1:28883448-28884276	790	101767	TRUE	2.2338039778823376e-9	-0.31640758216561604	TRUE	794	18	10.547480429381709
ENSG00000242125	chr1:28883448-28884276	777	98302	TRUE	2.0261219021526785e-8	-0.3309732755205692	TRUE	794	18	5.561055641494399
ENSG00000120656	chr1:28883448-28884276	347	43853	TRUE	6.400157647042711e-6	-0.4452278744804219	TRUE	794	18	0.6082876294942109
ENSG00000116350	chr1:28883448-28884276	550	66118	TRUE	2.051691146279244e-5	-0.46043776686307203	TRUE	794	18	1.2021844091313927
ENSG00000159023	chr1:28883448-28884276	309	48040	TRUE	0.0010763262922826693	-0.3937074879247707	TRUE	794	18	0.6829981718464351
ENSG00000130766	chr1:28883448-28884276	97	13053	TRUE	0.0011576094303000425	-0.508826212248362	TRUE	794	18	0.14614915858060282
ENSG00000116353	chr1:28883448-28884276	222	24831	TRUE	0.0018739681590015413	-0.4522879811930971	TRUE	794	18	0.2895420240941265
ENSG00000180198	chr1:28883448-28884276	310	35894	TRUE	0.00326807512914315	-0.49589366662520795	TRUE	794	18	0.47475741808465755
ENSG00000204138	chr1:28883448-28884276	156	18165	TRUE	0.003758852666647744	-0.4914591066879339	TRUE	794	18	0.20273754277410586
ENSG00000240750	chr1:28883448-28884276	12	1490	TRUE	0.012000439434188992	-1.629804061703127	TRUE	794	18	0.014597103079735621
ENSG00000130772	chr1:28883448-28884276	56	5304	TRUE	0.044	-0.6707246359739258	TRUE	794	18	0.05356958702479726
ENSG00000198492	chr1:28883448-28884276	367	43617	TRUE	0.064	-0.31209855822832633	TRUE	794	18	0.6081657525898843
ENSG00000180098	chr1:28883448-28884276	146	16847	TRUE	0.068	-0.3887447160586692	TRUE	794	18	0.1849341395959312
ENSG00000162419	chr1:28883448-28884276	39	5472	TRUE	0.084	-0.4959973746735571	FALSE	794	18	0.05565086954483664
ENSG00000197989	chr1:28883448-28884276	206	20548	TRUE	0.096	-0.4398228861694711	FALSE	794	18	0.24450382037219331
ENSG00000158161	chr1:28883448-28884276	126	16051	TRUE	0.392	-0.21343005549001504	FALSE	794	18	0.17926217597149954
ENSG00000228589	chr1:28883448-28884276	17	1508	TRUE	0.512	-0.33857778543099304	FALSE	794	18	0.015272113626775418
ENSG00000270605	chr1:28883448-28884276	30	4662	TRUE	0.804	0.1493066989030547	FALSE	794	18	0.04706323536305255
ENSG00000242125	chr1:28883448-28884276	777	98302	TRUE	5.194051295886489e-16	-0.3933529480316258	TRUE	794	19	5.561055641494399
ENSG00000159023	chr1:28883448-28884276	309	48040	TRUE	2.91394987184652e-6	-0.5141374983157642	TRUE	794	19	0.6829981718464351
ENSG00000126698	chr1:28883448-28884276	671	81443	TRUE	5.045411677690469e-6	-0.39587517699516495	TRUE	794	19	2.092757699339052
ENSG00000130770	chr1:28883448-28884276	790	101767	TRUE	3.160926663032422e-4	-0.23109644684254071	TRUE	794	19	10.547480429381709
ENSG00000120656	chr1:28883448-28884276	347	43853	TRUE	0.0020198202831128408	-0.360663579221949	TRUE	794	19	0.6082876294942109
ENSG00000270605	chr1:28883448-28884276	30	4662	TRUE	0.0023795175803843355	-0.7766927196531688	TRUE	794	19	0.04706323536305255
ENSG00000117748	chr1:28883448-28884276	485	57810	TRUE	0.002844705802199525	-0.31487448685185265	TRUE	794	19	0.935658369662026
ENSG00000116350	chr1:28883448-28884276	550	66118	TRUE	0.006037451639163145	-0.38026741817908893	TRUE	794	19	1.2021844091313927
ENSG00000198492	chr1:28883448-28884276	367	43617	TRUE	0.015240911971528475	-0.35546606753784615	TRUE	794	19	0.6081657525898843
ENSG00000116353	chr1:28883448-28884276	222	24831	TRUE	0.068	-0.33742402416109396	FALSE	794	19	0.2895420240941265
ENSG00000240750	chr1:28883448-28884276	12	1490	TRUE	0.088	-1.044841560981971	FALSE	794	19	0.014597103079735621
ENSG00000180098	chr1:28883448-28884276	146	16847	TRUE	0.14	-0.3082547981983015	FALSE	794	19	0.1849341395959312
ENSG00000180198	chr1:28883448-28884276	310	35894	TRUE	0.172	-0.3508433338219249	FALSE	794	19	0.47475741808465755
ENSG00000158161	chr1:28883448-28884276	126	16051	TRUE	0.188	-0.2805442513485521	FALSE	794	19	0.17926217597149954
ENSG00000130766	chr1:28883448-28884276	97	13053	TRUE	0.416	-0.12075576056978754	FALSE	794	19	0.14614915858060282
ENSG00000130772	chr1:28883448-28884276	56	5304	TRUE	0.436	-0.3681618659534944	FALSE	794	19	0.05356958702479726
ENSG00000228589	chr1:28883448-28884276	17	1508	TRUE	0.472	0.24638471529016304	FALSE	794	19	0.015272113626775418
ENSG00000162419	chr1:28883448-28884276	39	5472	TRUE	0.504	-0.26153212103653445	FALSE	794	19	0.05565086954483664
ENSG00000197989	chr1:28883448-28884276	206	20548	TRUE	0.6	-0.17967098886879884	FALSE	794	19	0.24450382037219331
ENSG00000204138	chr1:28883448-28884276	156	18165	TRUE	0.908	-0.09692726284373165	FALSE	794	19	0.20273754277410586
ENSG00000130770	chr1:28883448-28884276	790	101767	TRUE	2.3673910942928903e-14	-0.3817822682615257	TRUE	794	20	10.547480429381709
ENSG00000126698	chr1:28883448-28884276	671	81443	TRUE	1.59130303057601e-7	-0.4337487364820256	TRUE	794	20	2.092757699339052
ENSG00000198492	chr1:28883448-28884276	367	43617	TRUE	3.305558798871158e-7	-0.5863499497679338	TRUE	794	20	0.6081657525898843
ENSG00000120656	chr1:28883448-28884276	347	43853	TRUE	4.431756070439599e-6	-0.4566326377526715	TRUE	794	20	0.6082876294942109
ENSG00000242125	chr1:28883448-28884276	777	98302	TRUE	3.087015779823163e-5	-0.27191170789376073	TRUE	794	20	5.561055641494399
ENSG00000116353	chr1:28883448-28884276	222	24831	TRUE	1.7629995078775364e-4	-0.5009227564439738	TRUE	794	20	0.2895420240941265
ENSG00000117748	chr1:28883448-28884276	485	57810	TRUE	7.270865446702612e-4	-0.33279639484911494	TRUE	794	20	0.935658369662026
ENSG00000180198	chr1:28883448-28884276	310	35894	TRUE	0.0024829276336082173	-0.4820878671001775	TRUE	794	20	0.47475741808465755
ENSG00000130766	chr1:28883448-28884276	97	13053	TRUE	0.0071023787204879535	-0.38924459649568943	TRUE	794	20	0.14614915858060282
ENSG00000197989	chr1:28883448-28884276	206	20548	TRUE	0.007724424328069801	-0.5381249597812752	TRUE	794	20	0.24450382037219331
ENSG00000116350	chr1:28883448-28884276	550	66118	TRUE	0.04	-0.34179327036445306	TRUE	794	20	1.2021844091313927
ENSG00000204138	chr1:28883448-28884276	156	18165	TRUE	0.04	-0.37956622661703676	TRUE	794	20	0.20273754277410586
ENSG00000270605	chr1:28883448-28884276	30	4662	TRUE	0.292	-0.1444245041536556	FALSE	794	20	0.04706323536305255
ENSG00000159023	chr1:28883448-28884276	309	48040	TRUE	0.332	-0.22586580098294728	FALSE	794	20	0.6829981718464351
ENSG00000162419	chr1:28883448-28884276	39	5472	TRUE	0.48	-0.29805799706164837	FALSE	794	20	0.05565086954483664
ENSG00000240750	chr1:28883448-28884276	12	1490	TRUE	0.576	-0.30787596681576446	FALSE	794	20	0.014597103079735621
ENSG00000130772	chr1:28883448-28884276	56	5304	TRUE	0.752	-0.08576213525276977	FALSE	794	20	0.05356958702479726
ENSG00000180098	chr1:28883448-28884276	146	16847	TRUE	0.824	-0.1495570521792433	FALSE	794	20	0.1849341395959312
ENSG00000158161	chr1:28883448-28884276	126	16051	TRUE	0.876	-0.09795283807007893	FALSE	794	20	0.17926217597149954
ENSG00000228589	chr1:28883448-28884276	17	1508	TRUE	0.98	-0.07554337959719959	FALSE	794	20	0.015272113626775418
ENSG00000130770	chr1:28883448-28884276	790	101767	TRUE	1.511615548614664e-11	-0.3344967789833535	TRUE	794	21	10.547480429381709
ENSG00000126698	chr1:28883448-28884276	671	81443	TRUE	5.593758045832999e-7	-0.40906910330502	TRUE	794	21	2.092757699339052
ENSG00000180198	chr1:28883448-28884276	310	35894	TRUE	7.120136973654966e-6	-0.6366376426555741	TRUE	794	21	0.47475741808465755
ENSG00000116350	chr1:28883448-28884276	550	66118	TRUE	2.4038290426330218e-5	-0.45507125711325663	TRUE	794	21	1.2021844091313927
ENSG00000198492	chr1:28883448-28884276	367	43617	TRUE	7.701669349145877e-5	-0.46081906768407477	TRUE	794	21	0.6081657525898843
ENSG00000197989	chr1:28883448-28884276	206	20548	TRUE	8.88587232363413e-5	-0.7254950956829966	TRUE	794	21	0.24450382037219331
ENSG00000117748	chr1:28883448-28884276	485	57810	TRUE	1.7846843257018235e-4	-0.364705642803859	TRUE	794	21	0.935658369662026
ENSG00000242125	chr1:28883448-28884276	777	98302	TRUE	2.08818924419262e-4	-0.25878626444872355	TRUE	794	21	5.561055641494399
ENSG00000120656	chr1:28883448-28884276	347	43853	TRUE	0.004225238328199654	-0.3080686282743924	TRUE	794	21	0.6082876294942109
ENSG00000130766	chr1:28883448-28884276	97	13053	TRUE	0.006818155101434978	-0.40573271928425836	TRUE	794	21	0.14614915858060282
ENSG00000180098	chr1:28883448-28884276	146	16847	TRUE	0.013590578556366861	-0.44911733403815113	TRUE	794	21	0.1849341395959312
ENSG00000116353	chr1:28883448-28884276	222	24831	TRUE	0.08	-0.32277724819669285	FALSE	794	21	0.2895420240941265
ENSG00000204138	chr1:28883448-28884276	156	18165	TRUE	0.088	-0.35819257582446973	FALSE	794	21	0.20273754277410586
ENSG00000159023	chr1:28883448-28884276	309	48040	TRUE	0.104	-0.26531695170167113	FALSE	794	21	0.6829981718464351
ENSG00000130772	chr1:28883448-28884276	56	5304	TRUE	0.136	-0.5776152315824445	FALSE	794	21	0.05356958702479726
ENSG00000270605	chr1:28883448-28884276	30	4662	TRUE	0.144	-0.2912658924829268	FALSE	794	21	0.04706323536305255
ENSG00000158161	chr1:28883448-28884276	126	16051	TRUE	0.384	-0.24659691942521444	FALSE	794	21	0.17926217597149954
ENSG00000162419	chr1:28883448-28884276	39	5472	TRUE	0.696	-0.2259082113058133	FALSE	794	21	0.05565086954483664
ENSG00000240750	chr1:28883448-28884276	12	1490	TRUE	0.748	-0.17037244306582977	FALSE	794	21	0.014597103079735621
ENSG00000228589	chr1:28883448-28884276	17	1508	TRUE	0.852	-0.07554337959719959	FALSE	794	21	0.015272113626775418
ENSG00000242125	chr1:28883448-28884276	777	98302	TRUE	1.3833398594883173e-20	-0.4556372262859685	TRUE	794	22	5.561055641494399
ENSG00000130770	chr1:28883448-28884276	790	101767	TRUE	1.3648601692678557e-19	-0.4265683071684183	TRUE	794	22	10.547480429381709
ENSG00000159023	chr1:28883448-28884276	309	48040	TRUE	1.983339274214135e-7	-0.5450168111997362	TRUE	794	22	0.6829981718464351
ENSG00000126698	chr1:28883448-28884276	671	81443	TRUE	7.082019050978767e-4	-0.33940822533613646	TRUE	794	22	2.092757699339052
ENSG00000120656	chr1:28883448-28884276	347	43853	TRUE	8.655899877651578e-4	-0.360663579221949	TRUE	794	22	0.6082876294942109
ENSG00000130766	chr1:28883448-28884276	97	13053	TRUE	0.024	-0.38924459649568943	TRUE	794	22	0.14614915858060282
ENSG00000270605	chr1:28883448-28884276	30	4662	TRUE	0.048	-0.39818109639943877	FALSE	794	22	0.04706323536305255
ENSG00000116350	chr1:28883448-28884276	550	66118	TRUE	0.052	-0.3434448962356116	FALSE	794	22	1.2021844091313927
ENSG00000180198	chr1:28883448-28884276	310	35894	TRUE	0.056	-0.38041644920527184	FALSE	794	22	0.47475741808465755
ENSG00000198492	chr1:28883448-28884276	367	43617	TRUE	0.068	-0.2925141619099244	FALSE	794	22	0.6081657525898843
ENSG00000116353	chr1:28883448-28884276	222	24831	TRUE	0.072	-0.3010821770973737	FALSE	794	22	0.2895420240941265
ENSG00000162419	chr1:28883448-28884276	39	5472	TRUE	0.092	-0.5390660965654437	FALSE	794	22	0.05565086954483664
ENSG00000158161	chr1:28883448-28884276	126	16051	TRUE	0.096	-0.3509335792399497	FALSE	794	22	0.17926217597149954
ENSG00000228589	chr1:28883448-28884276	17	1508	TRUE	0.26	-0.4905808788760426	FALSE	794	22	0.015272113626775418
ENSG00000117748	chr1:28883448-28884276	485	57810	TRUE	0.268	-0.19324504245032137	FALSE	794	22	0.935658369662026
ENSG00000204138	chr1:28883448-28884276	156	18165	TRUE	0.348	-0.20725067774973072	FALSE	794	22	0.20273754277410586
ENSG00000197989	chr1:28883448-28884276	206	20548	TRUE	0.5	-0.29996522258651037	FALSE	794	22	0.24450382037219331
ENSG00000240750	chr1:28883448-28884276	12	1490	TRUE	0.752	-0.17037244306582977	FALSE	794	22	0.014597103079735621
ENSG00000130772	chr1:28883448-28884276	56	5304	TRUE	0.852	-0.11818361294514723	FALSE	794	22	0.05356958702479726
ENSG00000180098	chr1:28883448-28884276	146	16847	TRUE	0.964	-0.11980970878519104	FALSE	794	22	0.1849341395959312
ENSG00000130770	chr1:28883448-28884276	790	101767	TRUE	2.137720091900513e-9	-0.2924396937929634	TRUE	794	23	10.547480429381709
ENSG00000126698	chr1:28883448-28884276	671	81443	TRUE	8.328959782080369e-8	-0.4368635884460036	TRUE	794	23	2.092757699339052
ENSG00000116350	chr1:28883448-28884276	550	66118	TRUE	0.001820753564669715	-0.3870645805328529	TRUE	794	23	1.2021844091313927
ENSG00000130772	chr1:28883448-28884276	56	5304	TRUE	0.002599973656268184	-0.9926527308612885	TRUE	794	23	0.05356958702479726
ENSG00000204138	chr1:28883448-28884276	156	18165	TRUE	0.002602844687682307	-0.514918079511923	TRUE	794	23	0.20273754277410586
ENSG00000180198	chr1:28883448-28884276	310	35894	TRUE	0.004101182120939961	-0.4820878671001775	TRUE	794	23	0.47475741808465755
ENSG00000242125	chr1:28883448-28884276	777	98302	TRUE	0.007452758250427939	-0.21165617752874777	TRUE	794	23	5.561055641494399
ENSG00000197989	chr1:28883448-28884276	206	20548	TRUE	0.032	-0.5106442233591681	TRUE	794	23	0.24450382037219331
ENSG00000117748	chr1:28883448-28884276	485	57810	TRUE	0.06	-0.2200962620997528	FALSE	794	23	0.935658369662026
ENSG00000116353	chr1:28883448-28884276	222	24831	TRUE	0.076	-0.28679795109112605	FALSE	794	23	0.2895420240941265
ENSG00000120656	chr1:28883448-28884276	347	43853	TRUE	0.076	-0.24079793243838576	FALSE	794	23	0.6082876294942109
ENSG00000159023	chr1:28883448-28884276	309	48040	TRUE	0.076	-0.30001269296291677	FALSE	794	23	0.6829981718464351
ENSG00000180098	chr1:28883448-28884276	146	16847	TRUE	0.08	-0.3769675482823156	FALSE	794	23	0.1849341395959312
ENSG00000158161	chr1:28883448-28884276	126	16051	TRUE	0.176	-0.2691394880763025	FALSE	794	23	0.17926217597149954
ENSG00000270605	chr1:28883448-28884276	30	4662	TRUE	0.244	-0.24063981941295864	FALSE	794	23	0.04706323536305255
ENSG00000162419	chr1:28883448-28884276	39	5472	TRUE	0.304	-0.37400685029494696	FALSE	794	23	0.05565086954483664
ENSG00000198492	chr1:28883448-28884276	367	43617	TRUE	0.472	-0.2228969480540226	FALSE	794	23	0.6081657525898843
ENSG00000240750	chr1:28883448-28884276	12	1490	TRUE	0.572	-0.30787596681576446	FALSE	794	23	0.014597103079735621
ENSG00000130766	chr1:28883448-28884276	97	13053	TRUE	0.66	-0.06731650160832725	FALSE	794	23	0.14614915858060282
ENSG00000228589	chr1:28883448-28884276	17	1508	TRUE	0.832	0.03993383782273696	FALSE	794	23	0.015272113626775418
ENSG00000242125	chr1:28883448-28884276	777	98302	TRUE	1.6369110736925263e-12	-0.3917601297181448	TRUE	794	24	5.561055641494399
ENSG00000126698	chr1:28883448-28884276	671	81443	TRUE	4.140026237733473e-6	-0.3868110945669282	TRUE	794	24	2.092757699339052
ENSG00000130770	chr1:28883448-28884276	790	101767	TRUE	1.5024278468744693e-5	-0.26577462165468013	TRUE	794	24	10.547480429381709
ENSG00000198492	chr1:28883448-28884276	367	43617	TRUE	2.2154458230882502e-4	-0.46812386830730823	TRUE	794	24	0.6081657525898843
ENSG00000116350	chr1:28883448-28884276	550	66118	TRUE	2.6800227875262345e-4	-0.42678221268183303	TRUE	794	24	1.2021844091313927
ENSG00000117748	chr1:28883448-28884276	485	57810	TRUE	4.7904562055780956e-4	-0.3395749274801769	TRUE	794	24	0.935658369662026
ENSG00000130766	chr1:28883448-28884276	97	13053	TRUE	0.0016072745863273535	-0.508826212248362	TRUE	794	24	0.14614915858060282
ENSG00000159023	chr1:28883448-28884276	309	48040	TRUE	0.0019493390356302414	-0.38436962334543445	TRUE	794	24	0.6829981718464351
ENSG00000120656	chr1:28883448-28884276	347	43853	TRUE	0.0024576843927140643	-0.33939496246829803	TRUE	794	24	0.6082876294942109
ENSG00000197989	chr1:28883448-28884276	206	20548	TRUE	0.008822026639319358	-0.5474027733692859	TRUE	794	24	0.24450382037219331
ENSG00000180198	chr1:28883448-28884276	310	35894	TRUE	0.008852649519868888	-0.4729568553480491	TRUE	794	24	0.47475741808465755
ENSG00000158161	chr1:28883448-28884276	126	16051	TRUE	0.08	-0.3874594552650641	FALSE	794	24	0.17926217597149954
ENSG00000228589	chr1:28883448-28884276	17	1508	TRUE	0.088	0.5874216331252304	FALSE	794	24	0.015272113626775418
ENSG00000116353	chr1:28883448-28884276	222	24831	TRUE	0.1	-0.2797085263048069	FALSE	794	24	0.2895420240941265
ENSG00000204138	chr1:28883448-28884276	156	18165	TRUE	0.12	-0.33713096029664014	FALSE	794	24	0.20273754277410586
ENSG00000130772	chr1:28883448-28884276	56	5304	TRUE	0.124	-0.49015239033210456	FALSE	794	24	0.05356958702479726
ENSG00000162419	chr1:28883448-28884276	39	5472	TRUE	0.196	0.17142728623957204	FALSE	794	24	0.05565086954483664
ENSG00000180098	chr1:28883448-28884276	146	16847	TRUE	0.328	-0.2426664565707246	FALSE	794	24	0.1849341395959312
ENSG00000270605	chr1:28883448-28884276	30	4662	TRUE	0.38	-0.1444245041536556	FALSE	794	24	0.04706323536305255
ENSG00000240750	chr1:28883448-28884276	12	1490	TRUE	0.988	-0.04484156098197101	FALSE	794	24	0.014597103079735621
ENSG00000242125	chr1:28883448-28884276	777	98302	TRUE	2.3771178073952932e-14	-0.4105877374558955	TRUE	794	25	5.561055641494399
ENSG00000126698	chr1:28883448-28884276	671	81443	TRUE	2.833695709589546e-11	-0.508240689777437	TRUE	794	25	2.092757699339052
ENSG00000130770	chr1:28883448-28884276	790	101767	TRUE	5.3731317411075835e-6	-0.2605771023758967	TRUE	794	25	10.547480429381709
ENSG00000120656	chr1:28883448-28884276	347	43853	TRUE	1.4510941037792179e-4	-0.39682324251736767	TRUE	794	25	0.6082876294942109
ENSG00000116350	chr1:28883448-28884276	550	66118	TRUE	4e-4	-0.5741239287570201	TRUE	794	25	1.2021844091313927
ENSG00000180198	chr1:28883448-28884276	310	35894	TRUE	0.003858590245982556	-0.46388327172258703	TRUE	794	25	0.47475741808465755
ENSG00000198492	chr1:28883448-28884276	367	43617	TRUE	0.008567320799277675	-0.3656618346437347	TRUE	794	25	0.6081657525898843
ENSG00000159023	chr1:28883448-28884276	309	48040	TRUE	0.019290544318962113	-0.3295771505050552	TRUE	794	25	0.6829981718464351
ENSG00000204138	chr1:28883448-28884276	156	18165	TRUE	0.044	-0.3688398200239784	TRUE	794	25	0.20273754277410586
ENSG00000270605	chr1:28883448-28884276	30	4662	TRUE	0.044	-0.45476462476580615	TRUE	794	25	0.04706323536305255
ENSG00000117748	chr1:28883448-28884276	485	57810	TRUE	0.048	-0.25598079779828414	TRUE	794	25	0.935658369662026
ENSG00000162419	chr1:28883448-28884276	39	5472	TRUE	0.056	-0.7254792207963243	TRUE	794	25	0.05565086954483664
ENSG00000116353	chr1:28883448-28884276	222	24831	TRUE	0.092	-0.27265376877085656	FALSE	794	25	0.2895420240941265
ENSG00000180098	chr1:28883448-28884276	146	16847	TRUE	0.112	-0.33079736684938954	FALSE	794	25	0.1849341395959312
ENSG00000158161	chr1:28883448-28884276	126	16051	TRUE	0.148	-0.2805442513485521	FALSE	794	25	0.17926217597149954
ENSG00000228589	chr1:28883448-28884276	17	1508	TRUE	0.148	0.4269569609319843	FALSE	794	25	0.015272113626775418
ENSG00000130772	chr1:28883448-28884276	56	5304	TRUE	0.156	-0.5776152315824445	FALSE	794	25	0.05356958702479726
ENSG00000197989	chr1:28883448-28884276	206	20548	TRUE	0.368	-0.3477937476771258	FALSE	794	25	0.24450382037219331
ENSG00000130766	chr1:28883448-28884276	97	13053	TRUE	0.776	-0.04132129307538257	FALSE	794	25	0.14614915858060282
ENSG00000240750	chr1:28883448-28884276	12	1490	TRUE	0.984	-0.17037244306582977	FALSE	794	25	0.014597103079735621
ENSG00000242125	chr1:28883448-28884276	777	98302	TRUE	1.063502304103152e-12	-0.3917601297181448	TRUE	794	26	5.561055641494399
ENSG00000180198	chr1:28883448-28884276	310	35894	TRUE	2.5446784281379356e-10	-0.7926111987152903	TRUE	794	26	0.47475741808465755
ENSG00000126698	chr1:28883448-28884276	671	81443	TRUE	2.2779831339425475e-6	-0.4070313981062461	TRUE	794	26	2.092757699339052
ENSG00000117748	chr1:28883448-28884276	485	57810	TRUE	2.1848988846274542e-5	-0.392629644366298	TRUE	794	26	0.935658369662026
ENSG00000159023	chr1:28883448-28884276	309	48040	TRUE	1.8692265703157076e-4	-0.4284729060854473	TRUE	794	26	0.6829981718464351
ENSG00000130770	chr1:28883448-28884276	790	101767	TRUE	0.001943028187514382	-0.21518179860351738	TRUE	794	26	10.547480429381709
ENSG00000158161	chr1:28883448-28884276	126	16051	TRUE	0.0021989270553661247	-0.5713236476652499	TRUE	794	26	0.17926217597149954
ENSG00000198492	chr1:28883448-28884276	367	43617	TRUE	0.00559124925570325	-0.3690764990564994	TRUE	794	26	0.6081657525898843
ENSG00000204138	chr1:28883448-28884276	156	18165	TRUE	0.00737520471579093	-0.4798711324127223	TRUE	794	26	0.20273754277410586
ENSG00000120656	chr1:28883448-28884276	347	43853	TRUE	0.02208229433797293	-0.2706822123842838	TRUE	794	26	0.6082876294942109
ENSG00000180098	chr1:28883448-28884276	146	16847	TRUE	0.068	-0.3887447160586692	FALSE	794	26	0.1849341395959312
ENSG00000130766	chr1:28883448-28884276	97	13053	TRUE	0.156	-0.2339663710177784	FALSE	794	26	0.14614915858060282
ENSG00000116350	chr1:28883448-28884276	550	66118	TRUE	0.188	-0.29310377744986393	FALSE	794	26	1.2021844091313927
ENSG00000228589	chr1:28883448-28884276	17	1508	TRUE	0.232	-0.6605058803183557	FALSE	794	26	0.015272113626775418
ENSG00000162419	chr1:28883448-28884276	39	5472	TRUE	0.236	-0.41353521448158403	FALSE	794	26	0.05565086954483664
ENSG00000197989	chr1:28883448-28884276	206	20548	TRUE	0.396	-0.3559216285605258	FALSE	794	26	0.24450382037219331
ENSG00000130772	chr1:28883448-28884276	56	5304	TRUE	0.496	-0.32968771813885844	FALSE	794	26	0.05356958702479726
ENSG00000240750	chr1:28883448-28884276	12	1490	TRUE	0.84	-0.30787596681576446	FALSE	794	26	0.014597103079735621
ENSG00000116353	chr1:28883448-28884276	222	24831	TRUE	0.884	-0.14477894621869813	FALSE	794	26	0.2895420240941265
ENSG00000270605	chr1:28883448-28884276	30	4662	TRUE	0.884	0.11083255108841872	FALSE	794	26	0.04706323536305255
ENSG00000130770	chr1:28883448-28884276	790	101767	TRUE	9.773051695608792e-19	-0.4058066672187226	TRUE	794	27	10.547480429381709
ENSG00000126698	chr1:28883448-28884276	671	81443	TRUE	8.761123180538994e-8	-0.45569526317637554	TRUE	794	27	2.092757699339052
ENSG00000120656	chr1:28883448-28884276	347	43853	TRUE	2.1660342813035235e-7	-0.5310350281506926	TRUE	794	27	0.6082876294942109
ENSG00000117748	chr1:28883448-28884276	485	57810	TRUE	1.845378175774782e-5	-0.3902818895098751	TRUE	794	27	0.935658369662026
ENSG00000242125	chr1:28883448-28884276	777	98302	TRUE	8.337411172667977e-5	-0.2664282537785958	TRUE	794	27	5.561055641494399
ENSG00000116353	chr1:28883448-28884276	222	24831	TRUE	5.341699611940975e-4	-0.4683180910120459	TRUE	794	27	0.2895420240941265
ENSG00000198492	chr1:28883448-28884276	367	43617	TRUE	0.001171879073628472	-0.4283975899916975	TRUE	794	27	0.6081657525898843
ENSG00000116350	chr1:28883448-28884276	550	66118	TRUE	0.0032	-0.3990372221989288	TRUE	794	27	1.2021844091313927
ENSG00000197989	chr1:28883448-28884276	206	20548	TRUE	0.009697899211555006	-0.5474027733692859	TRUE	794	27	0.24450382037219331
ENSG00000180198	chr1:28883448-28884276	310	35894	TRUE	0.028	-0.42374388086937265	TRUE	794	27	0.47475741808465755
ENSG00000270605	chr1:28883448-28884276	30	4662	TRUE	0.032	-0.5136583138193753	TRUE	794	27	0.04706323536305255
ENSG00000159023	chr1:28883448-28884276	309	48040	TRUE	0.04	-0.30881859033825765	TRUE	794	27	0.6829981718464351
ENSG00000162419	chr1:28883448-28884276	39	5472	TRUE	0.044	-0.5834602159238971	TRUE	794	27	0.05565086954483664
ENSG00000130766	chr1:28883448-28884276	97	13053	TRUE	0.08	-0.2788206068020389	FALSE	794	27	0.14614915858060282
ENSG00000158161	chr1:28883448-28884276	126	16051	TRUE	0.104	-0.33896093757387424	FALSE	794	27	0.17926217597149954
ENSG00000240750	chr1:28883448-28884276	12	1490	TRUE	0.24	-0.6298040617031271	FALSE	794	27	0.014597103079735621
ENSG00000180098	chr1:28883448-28884276	146	16847	TRUE	0.46	-0.17993070122276178	FALSE	794	27	0.1849341395959312
ENSG00000204138	chr1:28883448-28884276	156	18165	TRUE	0.792	-0.132772461790454	FALSE	794	27	0.20273754277410586
ENSG00000228589	chr1:28883448-28884276	17	1508	TRUE	0.928	-0.20107426168105835	FALSE	794	27	0.015272113626775418
ENSG00000130772	chr1:28883448-28884276	56	5304	TRUE	0.992	-0.11818361294514723	FALSE	794	27	0.05356958702479726
ENSG00000117748	chr1:28883448-28884276	485	57810	TRUE	3.131527608922621e-5	-0.3716361367124755	TRUE	794	28	0.935658369662026
ENSG00000130770	chr1:28883448-28884276	790	101767	TRUE	3.729799595190292e-5	-0.2397828568381093	TRUE	794	28	10.547480429381709
ENSG00000242125	chr1:28883448-28884276	777	98302	TRUE	1.3635226927600325e-4	-0.2664282537785958	TRUE	794	28	5.561055641494399
ENSG00000126698	chr1:28883448-28884276	671	81443	TRUE	2.752376061292663e-4	-0.35601918818105194	TRUE	794	28	2.092757699339052
ENSG00000198492	chr1:28883448-28884276	367	43617	TRUE	0.0010335293518580722	-0.41421865482193565	TRUE	794	28	0.6081657525898843
ENSG00000116350	chr1:28883448-28884276	550	66118	TRUE	0.0026702537419756728	-0.3768808085467613	TRUE	794	28	1.2021844091313927
ENSG00000180198	chr1:28883448-28884276	310	35894	TRUE	0.032	-0.4193521117522149	TRUE	794	28	0.47475741808465755
ENSG00000130766	chr1:28883448-28884276	97	13053	TRUE	0.072	-0.2788206068020389	FALSE	794	28	0.14614915858060282
ENSG00000158161	chr1:28883448-28884276	126	16051	TRUE	0.072	-0.3509335792399497	FALSE	794	28	0.17926217597149954
ENSG00000180098	chr1:28883448-28884276	146	16847	TRUE	0.232	-0.2426664565707246	FALSE	794	28	0.1849341395959312
ENSG00000197989	chr1:28883448-28884276	206	20548	TRUE	0.356	-0.3477937476771258	FALSE	794	28	0.24450382037219331
ENSG00000120656	chr1:28883448-28884276	347	43853	TRUE	0.436	-0.1640066787135075	FALSE	794	28	0.6082876294942109
ENSG00000204138	chr1:28883448-28884276	156	18165	TRUE	0.592	-0.06195112460075691	FALSE	794	28	0.20273754277410586
ENSG00000130772	chr1:28883448-28884276	56	5304	TRUE	0.6	-0.29221301272019584	FALSE	794	28	0.05356958702479726
ENSG00000162419	chr1:28883448-28884276	39	5472	TRUE	0.728	-0.05989825986688402	FALSE	794	28	0.05565086954483664
ENSG00000159023	chr1:28883448-28884276	309	48040	TRUE	0.816	-0.18206144805231894	FALSE	794	28	0.6829981718464351
ENSG00000116353	chr1:28883448-28884276	222	24831	TRUE	0.832	-0.1192438541115608	FALSE	794	28	0.2895420240941265
ENSG00000270605	chr1:28883448-28884276	30	4662	TRUE	0.86	0.11083255108841872	FALSE	794	28	0.04706323536305255
ENSG00000240750	chr1:28883448-28884276	12	1490	TRUE	0.904	-0.04484156098197101	FALSE	794	28	0.014597103079735621
ENSG00000228589	chr1:28883448-28884276	17	1508	TRUE	0.98	-0.07554337959719959	FALSE	794	28	0.015272113626775418
ENSG00000242125	chr1:28883448-28884276	777	98302	TRUE	8.398309502685999e-12	-0.3704274485348291	TRUE	794	29	5.561055641494399
ENSG00000130770	chr1:28883448-28884276	790	101767	TRUE	5.380879222897838e-9	-0.32562483183489066	TRUE	794	29	10.547480429381709
ENSG00000126698	chr1:28883448-28884276	671	81443	TRUE	1.6957738366916688e-8	-0.44834259688930045	TRUE	794	29	2.092757699339052
ENSG00000159023	chr1:28883448-28884276	309	48040	TRUE	9.815163924911283e-7	-0.5175360747776292	TRUE	794	29	0.6829981718464351
ENSG00000116350	chr1:28883448-28884276	550	66118	TRUE	2.692673128019843e-6	-0.4912309204086753	TRUE	794	29	1.2021844091313927
ENSG00000117748	chr1:28883448-28884276	485	57810	TRUE	0.0031893549843519655	-0.3171025877439699	TRUE	794	29	0.935658369662026
ENSG00000198492	chr1:28883448-28884276	367	43617	TRUE	0.007278618069670492	-0.3759301700975618	TRUE	794	29	0.6081657525898843
ENSG00000116353	chr1:28883448-28884276	222	24831	TRUE	0.016774553960714367	-0.36717136755514623	TRUE	794	29	0.2895420240941265
ENSG00000180198	chr1:28883448-28884276	310	35894	TRUE	0.052	-0.4062564541405317	FALSE	794	29	0.47475741808465755
ENSG00000197989	chr1:28883448-28884276	206	20548	TRUE	0.136	-0.4312097558647632	FALSE	794	29	0.24450382037219331
ENSG00000158161	chr1:28883448-28884276	126	16051	TRUE	0.152	-0.31530966950922856	FALSE	794	29	0.17926217597149954
ENSG00000240750	chr1:28883448-28884276	12	1490	TRUE	0.2	-0.8224491396455225	FALSE	794	29	0.014597103079735621
ENSG00000180098	chr1:28883448-28884276	146	16847	TRUE	0.324	-0.25339286316378296	FALSE	794	29	0.1849341395959312
ENSG00000270605	chr1:28883448-28884276	30	4662	TRUE	0.376	-0.1444245041536556	FALSE	794	29	0.04706323536305255
ENSG00000120656	chr1:28883448-28884276	347	43853	TRUE	0.384	-0.1608940668461719	FALSE	794	29	0.6082876294942109
ENSG00000204138	chr1:28883448-28884276	156	18165	TRUE	0.42	-0.2362020514458596	FALSE	794	29	0.20273754277410586
ENSG00000228589	chr1:28883448-28884276	17	1508	TRUE	0.5	-0.33857778543099304	FALSE	794	29	0.015272113626775418
ENSG00000162419	chr1:28883448-28884276	39	5472	TRUE	0.548	-0.26153212103653445	FALSE	794	29	0.05565086954483664
ENSG00000130766	chr1:28883448-28884276	97	13053	TRUE	0.572	-0.0804918903560603	FALSE	794	29	0.14614915858060282
ENSG00000130772	chr1:28883448-28884276	56	5304	TRUE	0.604	-0.32968771813885844	FALSE	794	29	0.05356958702479726
ENSG00000130770	chr1:28883448-28884276	790	101767	TRUE	8.144003907153262e-14	-0.3546604175814645	TRUE	794	30	10.547480429381709
ENSG00000117748	chr1:28883448-28884276	485	57810	TRUE	4.153170654497961e-6	-0.4187102978363925	TRUE	794	30	0.935658369662026
ENSG00000159023	chr1:28883448-28884276	309	48040	TRUE	1.9791235079046282e-4	-0.4284729060854473	TRUE	794	30	0.6829981718464351
ENSG00000126698	chr1:28883448-28884276	671	81443	TRUE	4.626127264045183e-4	-0.34427398050795244	TRUE	794	30	2.092757699339052
ENSG00000120656	chr1:28883448-28884276	347	43853	TRUE	0.00452907105417821	-0.3149714885290803	TRUE	794	30	0.6082876294942109
ENSG00000198492	chr1:28883448-28884276	367	43617	TRUE	0.005868993041158982	-0.3828165556828016	TRUE	794	30	0.6081657525898843
ENSG00000204138	chr1:28883448-28884276	156	18165	TRUE	0.008747500524463561	-0.4344281616515553	TRUE	794	30	0.20273754277410586
ENSG00000116353	chr1:28883448-28884276	222	24831	TRUE	0.012286943063465436	-0.3898914440552299	TRUE	794	30	0.2895420240941265
ENSG00000158161	chr1:28883448-28884276	126	16051	TRUE	0.017333123047718585	-0.4249341606837267	TRUE	794	30	0.17926217597149954
ENSG00000242125	chr1:28883448-28884276	777	98302	TRUE	0.018838862937088224	-0.19593468114992296	TRUE	794	30	5.561055641494399
ENSG00000180198	chr1:28883448-28884276	310	35894	TRUE	0.04	-0.3932786001423215	TRUE	794	30	0.47475741808465755
ENSG00000197989	chr1:28883448-28884276	206	20548	TRUE	0.172	-0.38889895100679883	FALSE	794	30	0.24450382037219331
ENSG00000240750	chr1:28883448-28884276	12	1490	TRUE	0.224	0.3701959382968729	FALSE	794	30	0.014597103079735621
ENSG00000116350	chr1:28883448-28884276	550	66118	TRUE	0.268	-0.27407895176810765	FALSE	794	30	1.2021844091313927
ENSG00000228589	chr1:28883448-28884276	17	1508	TRUE	0.304	-0.4905808788760426	FALSE	794	30	0.015272113626775418
ENSG00000130772	chr1:28883448-28884276	56	5304	TRUE	0.4	-0.3681618659534944	FALSE	794	30	0.05356958702479726
ENSG00000130766	chr1:28883448-28884276	97	13053	TRUE	0.528	-0.0804918903560603	FALSE	794	30	0.14614915858060282
ENSG00000180098	chr1:28883448-28884276	146	16847	TRUE	0.612	-0.20054098089804784	FALSE	794	30	0.1849341395959312
ENSG00000162419	chr1:28883448-28884276	39	5472	TRUE	0.684	-0.2259082113058133	FALSE	794	30	0.05565086954483664
ENSG00000270605	chr1:28883448-28884276	30	4662	TRUE	0.936	0.1867814043217173	FALSE	794	30	0.04706323536305255
ENSG00000130770	chr1:28883448-28884276	790	101767	TRUE	1.8596974818043618e-11	-0.34546017711433885	TRUE	794	31	10.547480429381709
ENSG00000116350	chr1:28883448-28884276	550	66118	TRUE	5.693146411693548e-8	-0.5283202391438954	TRUE	794	31	1.2021844091313927
ENSG00000197989	chr1:28883448-28884276	206	20548	TRUE	1.2635694888038295e-6	-0.9166365830350047	TRUE	794	31	0.24450382037219331
ENSG00000242125	chr1:28883448-28884276	777	98302	TRUE	1.4020464755791474e-6	-0.29628962347945675	TRUE	794	31	5.561055641494399
ENSG00000126698	chr1:28883448-28884276	671	81443	TRUE	4.69069668262382e-6	-0.3788016636362235	TRUE	794	31	2.092757699339052
ENSG00000120656	chr1:28883448-28884276	347	43853	TRUE	8.796059974401139e-6	-0.44901945364279605	TRUE	794	31	0.6082876294942109
ENSG00000180098	chr1:28883448-28884276	146	16847	TRUE	3.3128932987510056e-5	-0.7195692114344281	TRUE	794	31	0.1849341395959312
ENSG00000130766	chr1:28883448-28884276	97	13053	TRUE	2.737723337379594e-4	-0.5818896744380857	TRUE	794	31	0.14614915858060282
ENSG00000159023	chr1:28883448-28884276	309	48040	TRUE	7.616080270034654e-4	-0.39996647839645294	TRUE	794	31	0.6829981718464351
ENSG00000117748	chr1:28883448-28884276	485	57810	TRUE	0.032	-0.2517124661614805	TRUE	794	31	0.935658369662026
ENSG00000158161	chr1:28883448-28884276	126	16051	TRUE	0.06	-0.3509335792399497	FALSE	794	31	0.17926217597149954
ENSG00000116353	chr1:28883448-28884276	222	24831	TRUE	0.072	-0.31550924773265354	FALSE	794	31	0.2895420240941265
ENSG00000270605	chr1:28883448-28884276	30	4662	TRUE	0.088	-0.3437333123770623	FALSE	794	31	0.04706323536305255
ENSG00000240750	chr1:28883448-28884276	12	1490	TRUE	0.268	-0.6298040617031271	FALSE	794	31	0.014597103079735621
ENSG00000130772	chr1:28883448-28884276	56	5304	TRUE	0.292	-0.4076902301401315	FALSE	794	31	0.05356958702479726
ENSG00000204138	chr1:28883448-28884276	156	18165	TRUE	0.332	-0.24598307223844484	FALSE	794	31	0.20273754277410586
ENSG00000228589	chr1:28883448-28884276	17	1508	TRUE	0.356	-0.4905808788760426	FALSE	794	31	0.015272113626775418
ENSG00000198492	chr1:28883448-28884276	367	43617	TRUE	0.436	-0.2136587411986849	FALSE	794	31	0.6081657525898843
ENSG00000180198	chr1:28883448-28884276	310	35894	TRUE	0.76	-0.20386705745170752	FALSE	794	31	0.47475741808465755
ENSG00000162419	chr1:28883448-28884276	39	5472	TRUE	0.968	-0.0916071195942223	FALSE	794	31	0.05565086954483664
ENSG00000130770	chr1:28883448-28884276	790	101767	TRUE	5.728985762521289e-18	-0.4248446569742743	TRUE	794	32	10.547480429381709
ENSG00000126698	chr1:28883448-28884276	671	81443	TRUE	6.689550974626594e-14	-0.568454631883455	TRUE	794	32	2.092757699339052
ENSG00000159023	chr1:28883448-28884276	309	48040	TRUE	1.3118131953435265e-8	-0.5801206121556519	TRUE	794	32	0.6829981718464351
ENSG00000117748	chr1:28883448-28884276	485	57810	TRUE	4.961115881913815e-7	-0.42831229694769174	TRUE	794	32	0.935658369662026
ENSG00000116350	chr1:28883448-28884276	550	66118	TRUE	4e-4	-0.4875738968005863	TRUE	794	32	1.2021844091313927
ENSG00000242125	chr1:28883448-28884276	777	98302	TRUE	4.3800792709985763e-4	-0.2222331680192564	TRUE	794	32	5.561055641494399
ENSG00000120656	chr1:28883448-28884276	347	43853	TRUE	0.0010554850716689365	-0.3535391447885676	TRUE	794	32	0.6082876294942109
ENSG00000130766	chr1:28883448-28884276	97	13053	TRUE	0.012953282324531926	-0.3729427841665891	TRUE	794	32	0.14614915858060282
ENSG00000116353	chr1:28883448-28884276	222	24831	TRUE	0.0162406093944623	-0.3898914440552299	TRUE	794	32	0.2895420240941265
ENSG00000198492	chr1:28883448-28884276	367	43617	TRUE	0.04	-0.30881597423902485	TRUE	794	32	0.6081657525898843
ENSG00000197989	chr1:28883448-28884276	206	20548	TRUE	0.052	-0.4484877472965989	TRUE	794	32	0.24450382037219331
ENSG00000180198	chr1:28883448-28884276	310	35894	TRUE	0.068	-0.3846911043055977	FALSE	794	32	0.47475741808465755
ENSG00000180098	chr1:28883448-28884276	146	16847	TRUE	0.14	-0.3536977689594685	FALSE	794	32	0.1849341395959312
ENSG00000228589	chr1:28883448-28884276	17	1508	TRUE	0.256	0.4269569609319843	FALSE	794	32	0.015272113626775418
ENSG00000204138	chr1:28883448-28884276	156	18165	TRUE	0.28	-0.24598307223844484	FALSE	794	32	0.20273754277410586
ENSG00000162419	chr1:28883448-28884276	39	5472	TRUE	0.288	-0.4541771989789307	FALSE	794	32	0.05565086954483664
ENSG00000240750	chr1:28883448-28884276	12	1490	TRUE	0.396	-0.45987906026081404	FALSE	794	32	0.014597103079735621
ENSG00000270605	chr1:28883448-28884276	30	4662	TRUE	0.476	-0.0986208145405314	FALSE	794	32	0.04706323536305255
ENSG00000158161	chr1:28883448-28884276	126	16051	TRUE	0.512	-0.20254173934727904	FALSE	794	32	0.17926217597149954
ENSG00000130772	chr1:28883448-28884276	56	5304	TRUE	0.836	-0.2556871366950819	FALSE	794	32	0.05356958702479726
ENSG00000130770	chr1:28883448-28884276	790	101767	TRUE	4.981011322696638e-19	-0.41048936399720404	TRUE	794	33	10.547480429381709
ENSG00000158161	chr1:28883448-28884276	126	16051	TRUE	2.3464874073067564e-7	-0.9358960799611062	TRUE	794	33	0.17926217597149954
ENSG00000117748	chr1:28883448-28884276	485	57810	TRUE	1.7067261530559529e-6	-0.4139331575745206	TRUE	794	33	0.935658369662026
ENSG00000242125	chr1:28883448-28884276	777	98302	TRUE	3.4343891922126047e-6	-0.28515766206885207	TRUE	794	33	5.561055641494399
ENSG00000159023	chr1:28883448-28884276	309	48040	TRUE	1.781827119790025e-5	-0.46737939980547005	TRUE	794	33	0.6829981718464351
ENSG00000126698	chr1:28883448-28884276	671	81443	TRUE	4.440140228026911e-5	-0.36885200322861844	TRUE	794	33	2.092757699339052
ENSG00000116350	chr1:28883448-28884276	550	66118	TRUE	4e-4	-0.4712310469370746	TRUE	794	33	1.2021844091313927
ENSG00000198492	chr1:28883448-28884276	367	43617	TRUE	0.0018080247439110145	-0.4212907034974376	TRUE	794	33	0.6081657525898843
ENSG00000180098	chr1:28883448-28884276	146	16847	TRUE	0.013424236806419909	-0.41259145801303676	TRUE	794	33	0.1849341395959312
ENSG00000120656	chr1:28883448-28884276	347	43853	TRUE	0.024	-0.27740807557259695	TRUE	794	33	0.6082876294942109
ENSG00000180198	chr1:28883448-28884276	310	35894	TRUE	0.024	-0.4503790073728394	TRUE	794	33	0.47475741808465755
ENSG00000228589	chr1:28883448-28884276	17	1508	TRUE	0.028	-1.338577785430993	TRUE	794	33	0.015272113626775418
ENSG00000116353	chr1:28883448-28884276	222	24831	TRUE	0.08	-0.2797085263048069	FALSE	794	33	0.2895420240941265
ENSG00000162419	chr1:28883448-28884276	39	5472	TRUE	0.112	-0.5390660965654437	FALSE	794	33	0.05565086954483664
ENSG00000240750	chr1:28883448-28884276	12	1490	TRUE	0.344	0.17755086035447754	FALSE	794	33	0.014597103079735621
ENSG00000130772	chr1:28883448-28884276	56	5304	TRUE	0.668	-0.32968771813885844	FALSE	794	33	0.05356958702479726
ENSG00000130766	chr1:28883448-28884276	97	13053	TRUE	0.708	-0.02849725271779935	FALSE	794	33	0.14614915858060282
ENSG00000270605	chr1:28883448-28884276	30	4662	TRUE	0.772	0.1867814043217173	FALSE	794	33	0.04706323536305255
ENSG00000197989	chr1:28883448-28884276	206	20548	TRUE	0.788	-0.23107014137544324	FALSE	794	33	0.24450382037219331
ENSG00000204138	chr1:28883448-28884276	156	18165	TRUE	0.952	-0.11473853896019248	FALSE	794	33	0.20273754277410586
ENSG00000126698	chr1:28883448-28884276	671	81443	TRUE	2.882380627348852e-9	-0.45674870976636517	TRUE	794	34	2.092757699339052
ENSG00000242125	chr1:28883448-28884276	777	98302	TRUE	1.3015298046114708e-6	-0.28885878016052047	TRUE	794	34	5.561055641494399
ENSG00000116350	chr1:28883448-28884276	550	66118	TRUE	3.491936262246928e-6	-0.48210568416107313	TRUE	794	34	1.2021844091313927
ENSG00000198492	chr1:28883448-28884276	367	43617	TRUE	6.653251202920572e-6	-0.527933263542612	TRUE	794	34	0.6081657525898843
ENSG00000130770	chr1:28883448-28884276	790	101767	TRUE	9.807240858155709e-6	-0.24966567010267182	TRUE	794	34	10.547480429381709
ENSG00000116353	chr1:28883448-28884276	222	24831	TRUE	2.454696354291453e-5	-0.5945818636582185	TRUE	794	34	0.2895420240941265
ENSG00000117748	chr1:28883448-28884276	485	57810	TRUE	5.93324451299726e-4	-0.3373118759716081	TRUE	794	34	0.935658369662026
ENSG00000159023	chr1:28883448-28884276	309	48040	TRUE	8.963937295650565e-4	-0.4094061742827584	TRUE	794	34	0.6829981718464351
ENSG00000120656	chr1:28883448-28884276	347	43853	TRUE	0.024	-0.2473855924731455	TRUE	794	34	0.6082876294942109
ENSG00000180198	chr1:28883448-28884276	310	35894	TRUE	0.036	-0.4281490599893737	TRUE	794	34	0.47475741808465755
ENSG00000130766	chr1:28883448-28884276	97	13053	TRUE	0.064	-0.26371371441183067	FALSE	794	34	0.14614915858060282
ENSG00000180098	chr1:28883448-28884276	146	16847	TRUE	0.1	-0.3536977689594685	FALSE	794	34	0.1849341395959312
ENSG00000204138	chr1:28883448-28884276	156	18165	TRUE	0.14	-0.2959082975701275	FALSE	794	34	0.20273754277410586
ENSG00000197989	chr1:28883448-28884276	206	20548	TRUE	0.144	-0.3723160668111949	FALSE	794	34	0.24450382037219331
ENSG00000158161	chr1:28883448-28884276	126	16051	TRUE	0.296	-0.009896661404883211	FALSE	794	34	0.17926217597149954
ENSG00000228589	chr1:28883448-28884276	17	1508	TRUE	0.444	-0.4905808788760426	FALSE	794	34	0.015272113626775418
ENSG00000270605	chr1:28883448-28884276	30	4662	TRUE	0.528	-0.05422669518207801	FALSE	794	34	0.04706323536305255
ENSG00000130772	chr1:28883448-28884276	56	5304	TRUE	0.6	-0.29221301272019584	FALSE	794	34	0.05356958702479726
ENSG00000162419	chr1:28883448-28884276	39	5472	TRUE	0.656	-0.2259082113058133	FALSE	794	34	0.05565086954483664
ENSG00000240750	chr1:28883448-28884276	12	1490	TRUE	0.884	-0.04484156098197101	FALSE	794	34	0.014597103079735621
ENSG00000126698	chr1:28883448-28884276	671	81443	TRUE	1.2779994889068162e-15	-0.5879430614748152	TRUE	794	35	2.092757699339052
ENSG00000130770	chr1:28883448-28884276	790	101767	TRUE	3.9253109662716135e-6	-0.2713780782651338	TRUE	794	35	10.547480429381709
ENSG00000158161	chr1:28883448-28884276	126	16051	TRUE	8.818665634903597e-6	-0.7659710785187936	TRUE	794	35	0.17926217597149954
ENSG00000116350	chr1:28883448-28884276	550	66118	TRUE	4.251508043056231e-5	-0.44972463564777865	TRUE	794	35	1.2021844091313927
ENSG00000159023	chr1:28883448-28884276	309	48040	TRUE	3.329043454440416e-4	-0.4031061859270203	TRUE	794	35	0.6829981718464351
ENSG00000197989	chr1:28883448-28884276	206	20548	TRUE	0.0016925449691586915	-0.6140738130145738	TRUE	794	35	0.24450382037219331
ENSG00000242125	chr1:28883448-28884276	777	98302	TRUE	0.0033559185534002486	-0.2296834725044632	TRUE	794	35	5.561055641494399
ENSG00000180198	chr1:28883448-28884276	310	35894	TRUE	0.007975118934222272	-0.46388327172258703	TRUE	794	35	0.47475741808465755
ENSG00000116353	chr1:28883448-28884276	222	24831	TRUE	0.04	-0.3300820488199263	TRUE	794	35	0.2895420240941265
ENSG00000198492	chr1:28883448-28884276	367	43617	TRUE	0.052	-0.32199136298675823	FALSE	794	35	0.6081657525898843
ENSG00000270605	chr1:28883448-28884276	30	4662	TRUE	0.056	-0.39818109639943877	FALSE	794	35	0.04706323536305255
ENSG00000130766	chr1:28883448-28884276	97	13053	TRUE	0.072	-0.24876337294585937	FALSE	794	35	0.14614915858060282
ENSG00000204138	chr1:28883448-28884276	156	18165	TRUE	0.116	-0.3061040646760156	FALSE	794	35	0.20273754277410586
ENSG00000120656	chr1:28883448-28884276	347	43853	TRUE	0.156	-0.22445919562363814	FALSE	794	35	0.6082876294942109
ENSG00000228589	chr1:28883448-28884276	17	1508	TRUE	0.188	-0.6605058803183557	FALSE	794	35	0.015272113626775418
ENSG00000117748	chr1:28883448-28884276	485	57810	TRUE	0.256	-0.18101874011706215	FALSE	794	35	0.935658369662026
ENSG00000180098	chr1:28883448-28884276	146	16847	TRUE	0.392	-0.015701305444452363	FALSE	794	35	0.1849341395959312
ENSG00000130772	chr1:28883448-28884276	56	5304	TRUE	0.48	0.007347269138711532	FALSE	794	35	0.05356958702479726
ENSG00000162419	chr1:28883448-28884276	39	5472	TRUE	0.684	-0.028871364246259468	FALSE	794	35	0.05565086954483664
ENSG00000240750	chr1:28883448-28884276	12	1490	TRUE	0.712	-0.30787596681576446	FALSE	794	35	0.014597103079735621
ENSG00000130770	chr1:28883448-28884276	790	101767	TRUE	1.2460746307747822e-11	-0.3353060315867564	TRUE	794	36	10.547480429381709
ENSG00000242125	chr1:28883448-28884276	777	98302	TRUE	2.1417030627097946e-11	-0.3528880519490101	TRUE	794	36	5.561055641494399
ENSG00000116350	chr1:28883448-28884276	550	66118	TRUE	8.090201462156743e-8	-0.5189581359402042	TRUE	794	36	1.2021844091313927
ENSG00000120656	chr1:28883448-28884276	347	43853	TRUE	8.671157435143588e-8	-0.5431416310073462	TRUE	794	36	0.6082876294942109
ENSG00000126698	chr1:28883448-28884276	671	81443	TRUE	1.331994908294785e-7	-0.4389438988870509	TRUE	794	36	2.092757699339052
ENSG00000198492	chr1:28883448-28884276	367	43617	TRUE	2.626938008421409e-6	-0.5317549744950204	TRUE	794	36	0.6081657525898843
ENSG00000180198	chr1:28883448-28884276	310	35894	TRUE	0.0010787550042973201	-0.49589366662520795	TRUE	794	36	0.47475741808465755
ENSG00000130766	chr1:28883448-28884276	97	13053	TRUE	0.00862063651241228	-0.42241146043088884	TRUE	794	36	0.14614915858060282
ENSG00000117748	chr1:28883448-28884276	485	57810	TRUE	0.016908946476024825	-0.26240706695771715	TRUE	794	36	0.935658369662026
ENSG00000116353	chr1:28883448-28884276	222	24831	TRUE	0.020093350846257088	-0.34480355452669187	TRUE	794	36	0.2895420240941265
ENSG00000159023	chr1:28883448-28884276	309	48040	TRUE	0.036	-0.2941718143738563	TRUE	794	36	0.6829981718464351
ENSG00000158161	chr1:28883448-28884276	126	16051	TRUE	0.044	-0.3874594552650641	TRUE	794	36	0.17926217597149954
ENSG00000130772	chr1:28883448-28884276	56	5304	TRUE	0.048	-0.5776152315824445	TRUE	794	36	0.05356958702479726
ENSG00000204138	chr1:28883448-28884276	156	18165	TRUE	0.168	-0.2657463270598748	FALSE	794	36	0.20273754277410586
ENSG00000180098	chr1:28883448-28884276	146	16847	TRUE	0.316	-0.2641996181203661	FALSE	794	36	0.1849341395959312
ENSG00000240750	chr1:28883448-28884276	12	1490	TRUE	0.544	0.07063565643796554	FALSE	794	36	0.014597103079735621
ENSG00000197989	chr1:28883448-28884276	206	20548	TRUE	0.616	-0.284368367535492	FALSE	794	36	0.24450382037219331
ENSG00000162419	chr1:28883448-28884276	39	5472	TRUE	0.724	-0.2259082113058133	FALSE	794	36	0.05565086954483664
ENSG00000270605	chr1:28883448-28884276	30	4662	TRUE	0.844	0.1867814043217173	FALSE	794	36	0.04706323536305255
ENSG00000228589	chr1:28883448-28884276	17	1508	TRUE	0.868	-0.20107426168105835	FALSE	794	36	0.015272113626775418
ENSG00000242125	chr1:28883448-28884276	777	98302	TRUE	7.513471237079685e-16	-0.42354858860911504	TRUE	794	37	5.561055641494399
ENSG00000159023	chr1:28883448-28884276	309	48040	TRUE	1.1851651026523712e-6	-0.5107469091149899	TRUE	794	37	0.6829981718464351
ENSG00000126698	chr1:28883448-28884276	671	81443	TRUE	5.590365617339415e-6	-0.390832546762119	TRUE	794	37	2.092757699339052
ENSG00000130770	chr1:28883448-28884276	790	101767	TRUE	9.136836177817806e-5	-0.24148850634620755	TRUE	794	37	10.547480429381709
ENSG00000117748	chr1:28883448-28884276	485	57810	TRUE	2.467983396045835e-4	-0.33505236878948297	TRUE	794	37	0.935658369662026
ENSG00000116350	chr1:28883448-28884276	550	66118	TRUE	5.967212218863562e-4	-0.4163152136307643	TRUE	794	37	1.2021844091313927
ENSG00000204138	chr1:28883448-28884276	156	18165	TRUE	0.017338463785683544	-0.4232876040463549	TRUE	794	37	0.20273754277410586
ENSG00000198492	chr1:28883448-28884276	367	43617	TRUE	0.024	-0.3186862182630861	TRUE	794	37	0.6081657525898843
ENSG00000180198	chr1:28883448-28884276	310	35894	TRUE	0.028	-0.4281490599893737	TRUE	794	37	0.47475741808465755
ENSG00000180098	chr1:28883448-28884276	146	16847	TRUE	0.052	-0.3652857432346801	FALSE	794	37	0.1849341395959312
ENSG00000130772	chr1:28883448-28884276	56	5304	TRUE	0.128	-0.5776152315824445	FALSE	794	37	0.05356958702479726
ENSG00000116353	chr1:28883448-28884276	222	24831	TRUE	0.168	-0.2656333410930838	FALSE	794	37	0.2895420240941265
ENSG00000130766	chr1:28883448-28884276	97	13053	TRUE	0.228	-0.1904647323811921	FALSE	794	37	0.14614915858060282
ENSG00000197989	chr1:28883448-28884276	206	20548	TRUE	0.248	-0.3477937476771258	FALSE	794	37	0.24450382037219331
ENSG00000270605	chr1:28883448-28884276	30	4662	TRUE	0.248	-0.1917302189320127	FALSE	794	37	0.04706323536305255
ENSG00000240750	chr1:28883448-28884276	12	1490	TRUE	0.372	0.17755086035447754	FALSE	794	37	0.014597103079735621
ENSG00000162419	chr1:28883448-28884276	39	5472	TRUE	0.54	-0.26153212103653445	FALSE	794	37	0.05565086954483664
ENSG00000120656	chr1:28883448-28884276	347	43853	TRUE	0.672	-0.13929181236096067	FALSE	794	37	0.6082876294942109
ENSG00000228589	chr1:28883448-28884276	17	1508	TRUE	0.688	0.03993383782273696	FALSE	794	37	0.015272113626775418
ENSG00000158161	chr1:28883448-28884276	126	16051	TRUE	0.764	-0.20254173934727904	FALSE	794	37	0.17926217597149954
ENSG00000130770	chr1:28883448-28884276	790	101767	TRUE	1.1631885644083679e-16	-0.38848566950546637	TRUE	794	38	10.547480429381709
ENSG00000116350	chr1:28883448-28884276	550	66118	TRUE	2.024699226210445e-9	-0.5741239287570201	TRUE	794	38	1.2021844091313927
ENSG00000126698	chr1:28883448-28884276	671	81443	TRUE	5.977486905324962e-7	-0.4265067956488281	TRUE	794	38	2.092757699339052
ENSG00000242125	chr1:28883448-28884276	777	98302	TRUE	3.2699907496344516e-6	-0.29145522392245926	TRUE	794	38	5.561055641494399
ENSG00000180198	chr1:28883448-28884276	310	35894	TRUE	2.7510031332693505e-5	-0.6214245487090669	TRUE	794	38	0.47475741808465755
ENSG00000120656	chr1:28883448-28884276	347	43853	TRUE	2.786646899324472e-5	-0.4339125612525878	TRUE	794	38	0.6082876294942109
ENSG00000198492	chr1:28883448-28884276	367	43617	TRUE	0.0012926859127857133	-0.4427172613087641	TRUE	794	38	0.6081657525898843
ENSG00000159023	chr1:28883448-28884276	309	48040	TRUE	0.001862667466832852	-0.38127038468654817	TRUE	794	38	0.6829981718464351
ENSG00000117748	chr1:28883448-28884276	485	57810	TRUE	0.011754092580524747	-0.2753461226652153	TRUE	794	38	0.935658369662026
ENSG00000130766	chr1:28883448-28884276	97	13053	TRUE	0.014453206621079462	-0.3729427841665891	TRUE	794	38	0.14614915858060282
ENSG00000180098	chr1:28883448-28884276	146	16847	TRUE	0.064	-0.34220213012163914	FALSE	794	38	0.1849341395959312
ENSG00000116353	chr1:28883448-28884276	222	24831	TRUE	0.096	-0.29392238552450745	FALSE	794	38	0.2895420240941265
ENSG00000240750	chr1:28883448-28884276	12	1490	TRUE	0.132	-1.044841560981971	FALSE	794	38	0.014597103079735621
ENSG00000130772	chr1:28883448-28884276	56	5304	TRUE	0.14	-0.5332211122239912	FALSE	794	38	0.05356958702479726
ENSG00000270605	chr1:28883448-28884276	30	4662	TRUE	0.18	-0.24063981941295864	FALSE	794	38	0.04706323536305255
ENSG00000197989	chr1:28883448-28884276	206	20548	TRUE	0.192	-0.38889895100679883	FALSE	794	38	0.24450382037219331
ENSG00000162419	chr1:28883448-28884276	39	5472	TRUE	0.332	0.06039597385082818	FALSE	794	38	0.05565086954483664
ENSG00000228589	chr1:28883448-28884276	17	1508	TRUE	0.44	-0.4905808788760426	FALSE	794	38	0.015272113626775418
ENSG00000204138	chr1:28883448-28884276	156	18165	TRUE	0.616	-0.19772790363122406	FALSE	794	38	0.20273754277410586
ENSG00000158161	chr1:28883448-28884276	126	16051	TRUE	0.736	-0.11827282244967474	FALSE	794	38	0.17926217597149954
ENSG00000130770	chr1:28883448-28884276	790	101767	TRUE	3.8714051516432636e-6	-0.2525291081069678	TRUE	794	39	10.547480429381709
ENSG00000180198	chr1:28883448-28884276	310	35894	TRUE	2.705178768008928e-5	-0.6214245487090669	TRUE	794	39	0.47475741808465755
ENSG00000204138	chr1:28883448-28884276	156	18165	TRUE	7.71309521811188e-5	-0.6512395507247035	TRUE	794	39	0.20273754277410586
ENSG00000117748	chr1:28883448-28884276	485	57810	TRUE	1.8546260304377416e-4	-0.35094374155937436	TRUE	794	39	0.935658369662026
ENSG00000126698	chr1:28883448-28884276	671	81443	TRUE	3.6043225161937843e-4	-0.34427398050795244	TRUE	794	39	2.092757699339052
ENSG00000159023	chr1:28883448-28884276	309	48040	TRUE	6.343341152632537e-4	-0.4284729060854473	TRUE	794	39	0.6829981718464351
ENSG00000242125	chr1:28883448-28884276	777	98302	TRUE	0.0013759231092773149	-0.2194050464747579	TRUE	794	39	5.561055641494399
ENSG00000120656	chr1:28883448-28884276	347	43853	TRUE	0.0014228710091432964	-0.33939496246829803	TRUE	794	39	0.6082876294942109
ENSG00000130766	chr1:28883448-28884276	97	13053	TRUE	0.012672659811039752	-0.35682311880331197	TRUE	794	39	0.14614915858060282
ENSG00000158161	chr1:28883448-28884276	126	16051	TRUE	0.028	-0.4123341239040932	TRUE	794	39	0.17926217597149954
ENSG00000198492	chr1:28883448-28884276	367	43617	TRUE	0.028429114568816805	-0.32862445531920514	TRUE	794	39	0.6081657525898843
ENSG00000270605	chr1:28883448-28884276	30	4662	TRUE	0.032	-0.39818109639943877	TRUE	794	39	0.04706323536305255
ENSG00000116350	chr1:28883448-28884276	550	66118	TRUE	0.036	-0.3352056103296933	TRUE	794	39	1.2021844091313927
ENSG00000116353	chr1:28883448-28884276	222	24831	TRUE	0.076	-0.3082776785015777	FALSE	794	39	0.2895420240941265
ENSG00000180098	chr1:28883448-28884276	146	16847	TRUE	0.148	-0.31948205362155546	FALSE	794	39	0.1849341395959312
ENSG00000240750	chr1:28883448-28884276	12	1490	TRUE	0.224	0.3701959382968729	FALSE	794	39	0.014597103079735621
ENSG00000162419	chr1:28883448-28884276	39	5472	TRUE	0.26	-0.41353521448158403	FALSE	794	39	0.05565086954483664
ENSG00000130772	chr1:28883448-28884276	56	5304	TRUE	0.268	-0.4483322146374782	FALSE	794	39	0.05356958702479726
ENSG00000197989	chr1:28883448-28884276	206	20548	TRUE	0.72	-0.15819126145834717	FALSE	794	39	0.24450382037219331
ENSG00000228589	chr1:28883448-28884276	17	1508	TRUE	0.748	-0.20107426168105835	FALSE	794	39	0.015272113626775418
ENSG00000126698	chr1:28883448-28884276	671	81443	TRUE	1.654455815155089e-6	-0.4100890362148657	TRUE	794	40	2.092757699339052
ENSG00000242125	chr1:28883448-28884276	777	98302	TRUE	8.866948867682078e-6	-0.2730109041685638	TRUE	794	40	5.561055641494399
ENSG00000159023	chr1:28883448-28884276	309	48040	TRUE	1.1162519452996133e-5	-0.48723331461410346	TRUE	794	40	0.6829981718464351
ENSG00000130770	chr1:28883448-28884276	790	101767	TRUE	8.938870212100991e-5	-0.2454762148223768	TRUE	794	40	10.547480429381709
ENSG00000117748	chr1:28883448-28884276	485	57810	TRUE	3.821154523761597e-4	-0.3373118759716081	TRUE	794	40	0.935658369662026
ENSG00000116350	chr1:28883448-28884276	550	66118	TRUE	4e-4	-0.5152302397034516	TRUE	794	40	1.2021844091313927
ENSG00000116353	chr1:28883448-28884276	222	24831	TRUE	9.218333300158518e-4	-0.48452831819330466	TRUE	794	40	0.2895420240941265
ENSG00000198492	chr1:28883448-28884276	367	43617	TRUE	0.0018925806077137938	-0.4106955882582386	TRUE	794	40	0.6081657525898843
ENSG00000270605	chr1:28883448-28884276	30	4662	TRUE	0.052	-0.3437333123770623	FALSE	794	40	0.04706323536305255
ENSG00000130772	chr1:28883448-28884276	56	5304	TRUE	0.068	-0.6234189211955687	FALSE	794	40	0.05356958702479726
ENSG00000130766	chr1:28883448-28884276	97	13053	TRUE	0.092	-0.24876337294585937	FALSE	794	40	0.14614915858060282
ENSG00000180198	chr1:28883448-28884276	310	35894	TRUE	0.092	-0.3634433706015584	FALSE	794	40	0.47475741808465755
ENSG00000197989	chr1:28883448-28884276	206	20548	TRUE	0.168	-0.3640955600062261	FALSE	794	40	0.24450382037219331
ENSG00000120656	chr1:28883448-28884276	347	43853	TRUE	0.224	-0.19232657468282888	FALSE	794	40	0.6082876294942109
ENSG00000162419	chr1:28883448-28884276	39	5472	TRUE	0.244	-0.41353521448158403	FALSE	794	40	0.05565086954483664
ENSG00000180098	chr1:28883448-28884276	146	16847	TRUE	0.372	-0.23201921237121592	FALSE	794	40	0.1849341395959312
ENSG00000240750	chr1:28883448-28884276	12	1490	TRUE	0.712	0.07063565643796554	FALSE	794	40	0.014597103079735621
ENSG00000204138	chr1:28883448-28884276	156	18165	TRUE	0.748	-0.15103466818318223	FALSE	794	40	0.20273754277410586
ENSG00000228589	chr1:28883448-28884276	17	1508	TRUE	0.836	0.03993383782273696	FALSE	794	40	0.015272113626775418
ENSG00000158161	chr1:28883448-28884276	126	16051	TRUE	0.9	-0.1388831021249608	FALSE	794	40	0.17926217597149954
ENSG00000242125	chr1:28883448-28884276	777	98302	TRUE	8.414128220895466e-24	-0.5591005462300234	TRUE	794	41	5.561055641494399
ENSG00000130770	chr1:28883448-28884276	790	101767	TRUE	9.338202891134787e-23	-0.4493842024206307	TRUE	794	41	10.547480429381709
ENSG00000126698	chr1:28883448-28884276	671	81443	TRUE	9.983008204140683e-9	-0.46838767677953275	TRUE	794	41	2.092757699339052
ENSG00000117748	chr1:28883448-28884276	485	57810	TRUE	7.862820723529313e-7	-0.43555596927431595	TRUE	794	41	0.935658369662026
ENSG00000116353	chr1:28883448-28884276	222	24831	TRUE	1.8678508431689816e-5	-0.56842957580225	TRUE	794	41	0.2895420240941265
ENSG00000198492	chr1:28883448-28884276	367	43617	TRUE	2.384148566821477e-5	-0.49026284557655686	TRUE	794	41	0.6081657525898843
ENSG00000116350	chr1:28883448-28884276	550	66118	TRUE	1.6017297127778225e-4	-0.43204432808724663	TRUE	794	41	1.2021844091313927
ENSG00000180198	chr1:28883448-28884276	310	35894	TRUE	0.0011602561928375846	-0.5098328575830816	TRUE	794	41	0.47475741808465755
ENSG00000120656	chr1:28883448-28884276	347	43853	TRUE	0.0013652364327031829	-0.3678233707948154	TRUE	794	41	0.6082876294942109
ENSG00000130766	chr1:28883448-28884276	97	13053	TRUE	0.005928280367357486	-0.42241146043088884	TRUE	794	41	0.14614915858060282
ENSG00000197989	chr1:28883448-28884276	206	20548	TRUE	0.023109490008147042	-0.5106442233591681	TRUE	794	41	0.24450382037219331
ENSG00000158161	chr1:28883448-28884276	126	16051	TRUE	0.044	-0.36300641154052515	TRUE	794	41	0.17926217597149954
ENSG00000159023	chr1:28883448-28884276	309	48040	TRUE	0.136	-0.28545459727274736	FALSE	794	41	0.6829981718464351
ENSG00000228589	chr1:28883448-28884276	17	1508	TRUE	0.18	-0.6605058803183557	FALSE	794	41	0.015272113626775418
ENSG00000130772	chr1:28883448-28884276	56	5304	TRUE	0.188	-0.5332211122239912	FALSE	794	41	0.05356958702479726
ENSG00000240750	chr1:28883448-28884276	12	1490	TRUE	0.316	-0.6298040617031271	FALSE	794	41	0.014597103079735621
ENSG00000204138	chr1:28883448-28884276	156	18165	TRUE	0.404	-0.21683672657892838	FALSE	794	41	0.20273754277410586
ENSG00000270605	chr1:28883448-28884276	30	4662	TRUE	0.42	0.3276439401615674	FALSE	794	41	0.04706323536305255
ENSG00000180098	chr1:28883448-28884276	146	16847	TRUE	0.768	-0.11002868799260579	FALSE	794	41	0.1849341395959312
ENSG00000162419	chr1:28883448-28884276	39	5472	TRUE	0.872	-0.0916071195942223	FALSE	794	41	0.05565086954483664
ENSG00000242125	chr1:28883448-28884276	777	98302	TRUE	1.2511803380642233e-12	-0.3684680634164681	TRUE	794	42	5.561055641494399
ENSG00000130770	chr1:28883448-28884276	790	101767	TRUE	6.942204026246185e-9	-0.31520966205176704	TRUE	794	42	10.547480429381709
ENSG00000126698	chr1:28883448-28884276	671	81443	TRUE	4.228242026299269e-8	-0.45464258524503876	TRUE	794	42	2.092757699339052
ENSG00000117748	chr1:28883448-28884276	485	57810	TRUE	2.430277876001738e-7	-0.4428361951904738	TRUE	794	42	0.935658369662026
ENSG00000198492	chr1:28883448-28884276	367	43617	TRUE	5.181273485159411e-5	-0.4754658436484763	TRUE	794	42	0.6081657525898843
ENSG00000159023	chr1:28883448-28884276	309	48040	TRUE	1.3283616751509977e-4	-0.43488489459968116	TRUE	794	42	0.6829981718464351
ENSG00000116350	chr1:28883448-28884276	550	66118	TRUE	4e-4	-0.44085739789355594	TRUE	794	42	1.2021844091313927
ENSG00000180198	chr1:28883448-28884276	310	35894	TRUE	0.0016597838224200606	-0.49589366662520795	TRUE	794	42	0.47475741808465755
ENSG00000162419	chr1:28883448-28884276	39	5472	TRUE	0.006923236448467318	-0.7761052938662925	TRUE	794	42	0.05565086954483664
ENSG00000130766	chr1:28883448-28884276	97	13053	TRUE	0.00922750113832875	-0.3729427841665891	TRUE	794	42	0.14614915858060282
ENSG00000120656	chr1:28883448-28884276	347	43853	TRUE	0.013284072003138109	-0.2875560309486799	TRUE	794	42	0.6082876294942109
ENSG00000180098	chr1:28883448-28884276	146	16847	TRUE	0.044	-0.41259145801303676	TRUE	794	42	0.1849341395959312
ENSG00000204138	chr1:28883448-28884276	156	18165	TRUE	0.068	-0.32671434435130164	FALSE	794	42	0.20273754277410586
ENSG00000197989	chr1:28883448-28884276	206	20548	TRUE	0.112	-0.4056746637576256	FALSE	794	42	0.24450382037219331
ENSG00000228589	chr1:28883448-28884276	17	1508	TRUE	0.12	-0.853150958260751	FALSE	794	42	0.015272113626775418
ENSG00000270605	chr1:28883448-28884276	30	4662	TRUE	0.212	-0.24063981941295864	FALSE	794	42	0.04706323536305255
ENSG00000158161	chr1:28883448-28884276	126	16051	TRUE	0.588	-0.15979209188794163	FALSE	794	42	0.17926217597149954
ENSG00000116353	chr1:28883448-28884276	222	24831	TRUE	0.636	-0.1773468086751291	FALSE	794	42	0.2895420240941265
ENSG00000240750	chr1:28883448-28884276	12	1490	TRUE	0.644	-0.30787596681576446	FALSE	794	42	0.014597103079735621
ENSG00000130772	chr1:28883448-28884276	56	5304	TRUE	0.816	-0.22006322696436076	FALSE	794	42	0.05356958702479726
ENSG00000242125	chr1:28883448-28884276	777	98302	TRUE	1.453783299643275e-7	-0.3108907878396532	TRUE	794	43	5.561055641494399
ENSG00000116350	chr1:28883448-28884276	550	66118	TRUE	1.7729956254750588e-7	-0.5059524261154408	TRUE	794	43	1.2021844091313927
ENSG00000130770	chr1:28883448-28884276	790	101767	TRUE	1.998130282204516e-6	-0.2777810120956774	TRUE	794	43	10.547480429381709
ENSG00000116353	chr1:28883448-28884276	222	24831	TRUE	4.318530657099282e-5	-0.5770944369293778	TRUE	794	43	0.2895420240941265
ENSG00000180198	chr1:28883448-28884276	310	35894	TRUE	4.4751209258916285e-5	-0.6013867954725217	TRUE	794	43	0.47475741808465755
ENSG00000159023	chr1:28883448-28884276	309	48040	TRUE	3.613613238478675e-4	-0.41890804204991317	TRUE	794	43	0.6829981718464351
ENSG00000120656	chr1:28883448-28884276	347	43853	TRUE	0.0012816759802515404	-0.3535391447885676	TRUE	794	43	0.6082876294942109
ENSG00000198492	chr1:28883448-28884276	367	43617	TRUE	0.0019581543984867975	-0.4248397705785082	TRUE	794	43	0.6081657525898843
ENSG00000126698	chr1:28883448-28884276	671	81443	TRUE	0.0026872127902424457	-0.31819173942644063	TRUE	794	43	2.092757699339052
ENSG00000197989	chr1:28883448-28884276	206	20548	TRUE	0.004651586458311506	-0.5661393359508717	TRUE	794	43	0.24450382037219331
ENSG00000270605	chr1:28883448-28884276	30	4662	TRUE	0.008330250086882679	-0.6391891959032341	TRUE	794	43	0.04706323536305255
ENSG00000158161	chr1:28883448-28884276	126	16051	TRUE	0.072	-0.4123341239040932	FALSE	794	43	0.17926217597149954
ENSG00000228589	chr1:28883448-28884276	17	1508	TRUE	0.072	-0.853150958260751	FALSE	794	43	0.015272113626775418
ENSG00000117748	chr1:28883448-28884276	485	57810	TRUE	0.16	-0.20970964386805435	FALSE	794	43	0.935658369662026
ENSG00000204138	chr1:28883448-28884276	156	18165	TRUE	0.172	-0.2857840802964198	FALSE	794	43	0.20273754277410586
ENSG00000162419	chr1:28883448-28884276	39	5472	TRUE	0.192	-0.4541771989789307	FALSE	794	43	0.05565086954483664
ENSG00000180098	chr1:28883448-28884276	146	16847	TRUE	0.536	-0.22144997066102867	FALSE	794	43	0.1849341395959312
ENSG00000240750	chr1:28883448-28884276	12	1490	TRUE	0.812	-0.17037244306582977	FALSE	794	43	0.014597103079735621
ENSG00000130772	chr1:28883448-28884276	56	5304	TRUE	0.9	-0.11818361294514723	FALSE	794	43	0.05356958702479726
ENSG00000130766	chr1:28883448-28884276	97	13053	TRUE	0.968	0.02168850445041759	FALSE	794	43	0.14614915858060282
ENSG00000130770	chr1:28883448-28884276	790	101767	TRUE	4.197848775391139e-11	-0.32723386034785173	TRUE	794	44	10.547480429381709
ENSG00000117748	chr1:28883448-28884276	485	57810	TRUE	5.489356795979374e-8	-0.4748153997215429	TRUE	794	44	0.935658369662026
ENSG00000126698	chr1:28883448-28884276	671	81443	TRUE	5.2448785416082835e-6	-0.39789717458037643	TRUE	794	44	2.092757699339052
ENSG00000159023	chr1:28883448-28884276	309	48040	TRUE	1.027632552288802e-4	-0.4284729060854473	TRUE	794	44	0.6829981718464351
ENSG00000198492	chr1:28883448-28884276	367	43617	TRUE	0.0015215912181752245	-0.4212907034974376	TRUE	794	44	0.6081657525898843
ENSG00000180198	chr1:28883448-28884276	310	35894	TRUE	0.008039878678032016	-0.4593677906000938	TRUE	794	44	0.47475741808465755
ENSG00000130772	chr1:28883448-28884276	56	5304	TRUE	0.01743825652006495	-0.7702603095248399	TRUE	794	44	0.05356958702479726
ENSG00000116350	chr1:28883448-28884276	550	66118	TRUE	0.032	-0.3450984150881252	TRUE	794	44	1.2021844091313927
ENSG00000162419	chr1:28883448-28884276	39	5472	TRUE	0.072	-0.5834602159238971	FALSE	794	44	0.05565086954483664
ENSG00000204138	chr1:28883448-28884276	156	18165	TRUE	0.18	0.021950133008188377	FALSE	794	44	0.20273754277410586
ENSG00000242125	chr1:28883448-28884276	777	98302	TRUE	0.212	-0.14977270769083084	FALSE	794	44	5.561055641494399
ENSG00000197989	chr1:28883448-28884276	206	20548	TRUE	0.228	-0.3640955600062261	FALSE	794	44	0.24450382037219331
ENSG00000180098	chr1:28883448-28884276	146	16847	TRUE	0.344	-0.2641996181203661	FALSE	794	44	0.1849341395959312
ENSG00000116353	chr1:28883448-28884276	222	24831	TRUE	0.348	-0.21066688187515537	FALSE	794	44	0.2895420240941265
ENSG00000270605	chr1:28883448-28884276	30	4662	TRUE	0.364	0.3608108040967659	FALSE	794	44	0.04706323536305255
ENSG00000240750	chr1:28883448-28884276	12	1490	TRUE	0.424	-0.45987906026081404	FALSE	794	44	0.014597103079735621
ENSG00000130766	chr1:28883448-28884276	97	13053	TRUE	0.476	-0.1072092287318398	FALSE	794	44	0.14614915858060282
ENSG00000228589	chr1:28883448-28884276	17	1508	TRUE	0.552	-0.33857778543099304	FALSE	794	44	0.015272113626775418
ENSG00000158161	chr1:28883448-28884276	126	16051	TRUE	0.772	-0.1388831021249608	FALSE	794	44	0.17926217597149954
ENSG00000120656	chr1:28883448-28884276	347	43853	TRUE	0.804	-0.13013181307548471	FALSE	794	44	0.6082876294942109
ENSG00000130770	chr1:28883448-28884276	790	101767	TRUE	9.226662343511851e-18	-0.3964866257321331	TRUE	794	45	10.547480429381709
ENSG00000126698	chr1:28883448-28884276	671	81443	TRUE	2.636370170715669e-12	-0.5093332267784487	TRUE	794	45	2.092757699339052
ENSG00000242125	chr1:28883448-28884276	777	98302	TRUE	1.5783516417563532e-6	-0.29591717090454983	TRUE	794	45	5.561055641494399
ENSG00000116353	chr1:28883448-28884276	222	24831	TRUE	0.001114982139821804	-0.4443392280776064	TRUE	794	45	0.2895420240941265
ENSG00000117748	chr1:28883448-28884276	485	57810	TRUE	0.0033543590716013233	-0.2993733933116648	TRUE	794	45	0.935658369662026
ENSG00000180098	chr1:28883448-28884276	146	16847	TRUE	0.009117834935338728	-0.43683900425971434	TRUE	794	45	0.1849341395959312
ENSG00000130766	chr1:28883448-28884276	97	13053	TRUE	0.009326860436944306	-0.40573271928425836	TRUE	794	45	0.14614915858060282
ENSG00000198492	chr1:28883448-28884276	367	43617	TRUE	0.010995807341512849	-0.35885665673862044	TRUE	794	45	0.6081657525898843
ENSG00000180198	chr1:28883448-28884276	310	35894	TRUE	0.013402021021713804	-0.4503790073728394	TRUE	794	45	0.47475741808465755
ENSG00000159023	chr1:28883448-28884276	309	48040	TRUE	0.028999021869728775	-0.3176785672584861	TRUE	794	45	0.6829981718464351
ENSG00000116350	chr1:28883448-28884276	550	66118	TRUE	0.048	-0.3302845309446379	TRUE	794	45	1.2021844091313927
ENSG00000228589	chr1:28883448-28884276	17	1508	TRUE	0.06	-1.338577785430993	FALSE	794	45	0.015272113626775418
ENSG00000162419	chr1:28883448-28884276	39	5472	TRUE	0.1	-0.5390660965654437	FALSE	794	45	0.05565086954483664
ENSG00000204138	chr1:28883448-28884276	156	18165	TRUE	0.128	-0.2757304156324971	FALSE	794	45	0.20273754277410586
ENSG00000120656	chr1:28883448-28884276	347	43853	TRUE	0.236	-0.030190375201577968	FALSE	794	45	0.6082876294942109
ENSG00000240750	chr1:28883448-28884276	12	1490	TRUE	0.456	-0.45987906026081404	FALSE	794	45	0.014597103079735621
ENSG00000270605	chr1:28883448-28884276	30	4662	TRUE	0.48	-0.05422669518207801	FALSE	794	45	0.04706323536305255
ENSG00000130772	chr1:28883448-28884276	56	5304	TRUE	0.52	-0.4076902301401315	FALSE	794	45	0.05356958702479726
ENSG00000158161	chr1:28883448-28884276	126	16051	TRUE	0.964	-0.09795283807007893	FALSE	794	45	0.17926217597149954
ENSG00000197989	chr1:28883448-28884276	206	20548	TRUE	0.996	-0.23856467792236735	FALSE	794	45	0.24450382037219331
ENSG00000130770	chr1:28883448-28884276	790	101767	TRUE	3.7830810895890114e-14	-0.36660571242984474	TRUE	794	46	10.547480429381709
ENSG00000126698	chr1:28883448-28884276	671	81443	TRUE	2.4089999990473843e-13	-0.5469805136963173	TRUE	794	46	2.092757699339052
ENSG00000242125	chr1:28883448-28884276	777	98302	TRUE	8.105708832104937e-13	-0.3826353953430619	TRUE	794	46	5.561055641494399
ENSG00000197989	chr1:28883448-28884276	206	20548	TRUE	2.4715610465877308e-5	-0.77913305928507	TRUE	794	46	0.24450382037219331
ENSG00000159023	chr1:28883448-28884276	309	48040	TRUE	5.244499135079704e-5	-0.4575539699493967	TRUE	794	46	0.6829981718464351
ENSG00000116353	chr1:28883448-28884276	222	24831	TRUE	8.198583551590009e-5	-0.5342813533904045	TRUE	794	46	0.2895420240941265
ENSG00000198492	chr1:28883448-28884276	367	43617	TRUE	9.63635704001038e-5	-0.46812386830730823	TRUE	794	46	0.6081657525898843
ENSG00000116350	chr1:28883448-28884276	550	66118	TRUE	0.0010038358595038776	-0.407650352503637	TRUE	794	46	1.2021844091313927
ENSG00000180098	chr1:28883448-28884276	146	16847	TRUE	0.024	-0.4246642903136122	TRUE	794	46	0.1849341395959312
ENSG00000180198	chr1:28883448-28884276	310	35894	TRUE	0.048	-0.4193521117522149	TRUE	794	46	0.47475741808465755
ENSG00000120656	chr1:28883448-28884276	347	43853	TRUE	0.064	-0.23751534844908428	FALSE	794	46	0.6082876294942109
ENSG00000204138	chr1:28883448-28884276	156	18165	TRUE	0.068	-0.3476233341142825	FALSE	794	46	0.20273754277410586
ENSG00000158161	chr1:28883448-28884276	126	16051	TRUE	0.152	-0.31530966950922856	FALSE	794	46	0.17926217597149954
ENSG00000117748	chr1:28883448-28884276	485	57810	TRUE	0.212	-0.17899105877007965	FALSE	794	46	0.935658369662026
ENSG00000228589	chr1:28883448-28884276	17	1508	TRUE	0.224	-0.6605058803183557	FALSE	794	46	0.015272113626775418
ENSG00000270605	chr1:28883448-28884276	30	4662	TRUE	0.244	-0.1444245041536556	FALSE	794	46	0.04706323536305255
ENSG00000130772	chr1:28883448-28884276	56	5304	TRUE	0.26	-0.4076902301401315	FALSE	794	46	0.05356958702479726
ENSG00000240750	chr1:28883448-28884276	12	1490	TRUE	0.272	-0.6298040617031271	FALSE	794	46	0.014597103079735621
ENSG00000130766	chr1:28883448-28884276	97	13053	TRUE	0.416	-0.1072092287318398	FALSE	794	46	0.14614915858060282
ENSG00000162419	chr1:28883448-28884276	39	5472	TRUE	0.724	-0.2259082113058133	FALSE	794	46	0.05565086954483664
ENSG00000130770	chr1:28883448-28884276	790	101767	TRUE	1.3400970763658851e-8	-0.3096324825056902	TRUE	794	47	10.547480429381709
ENSG00000242125	chr1:28883448-28884276	777	98302	TRUE	1.6165442038199723e-5	-0.27374416722927375	TRUE	794	47	5.561055641494399
ENSG00000126698	chr1:28883448-28884276	671	81443	TRUE	1.7505209686372015e-4	-0.35700228535087464	TRUE	794	47	2.092757699339052
ENSG00000198492	chr1:28883448-28884276	367	43617	TRUE	6.88394267129893e-4	-0.43553965923571714	TRUE	794	47	0.6081657525898843
ENSG00000159023	chr1:28883448-28884276	309	48040	TRUE	0.0015976723871284643	-0.39996647839645294	TRUE	794	47	0.6829981718464351
ENSG00000116350	chr1:28883448-28884276	550	66118	TRUE	0.0016121911019754895	-0.3870645805328529	TRUE	794	47	1.2021844091313927
ENSG00000270605	chr1:28883448-28884276	30	4662	TRUE	0.006552743109673076	-0.7063033917617707	TRUE	794	47	0.04706323536305255
ENSG00000120656	chr1:28883448-28884276	347	43853	TRUE	0.007954091277249956	-0.31843534383265193	TRUE	794	47	0.6082876294942109
ENSG00000180098	chr1:28883448-28884276	146	16847	TRUE	0.024	-0.4006188163469613	TRUE	794	47	0.1849341395959312
ENSG00000204138	chr1:28883448-28884276	156	18165	TRUE	0.029190389024460084	-0.3903729815736199	TRUE	794	47	0.20273754277410586
ENSG00000117748	chr1:28883448-28884276	485	57810	TRUE	0.064	-0.24745672549174552	FALSE	794	47	0.935658369662026
ENSG00000116353	chr1:28883448-28884276	222	24831	TRUE	0.072	-0.3082776785015777	FALSE	794	47	0.2895420240941265
ENSG00000162419	chr1:28883448-28884276	39	5472	TRUE	0.08	-0.5390660965654437	FALSE	794	47	0.05565086954483664
ENSG00000197989	chr1:28883448-28884276	206	20548	TRUE	0.168	-0.38058368279479504	FALSE	794	47	0.24450382037219331
ENSG00000130766	chr1:28883448-28884276	97	13053	TRUE	0.2	-0.14823649699189456	FALSE	794	47	0.14614915858060282
ENSG00000180198	chr1:28883448-28884276	310	35894	TRUE	0.204	-0.3300847736551277	FALSE	794	47	0.47475741808465755
ENSG00000158161	chr1:28883448-28884276	126	16051	TRUE	0.304	-0.24659691942521444	FALSE	794	47	0.17926217597149954
ENSG00000130772	chr1:28883448-28884276	56	5304	TRUE	0.42	-0.4483322146374782	FALSE	794	47	0.05356958702479726
ENSG00000240750	chr1:28883448-28884276	12	1490	TRUE	0.564	-0.45987906026081404	FALSE	794	47	0.014597103079735621
ENSG00000228589	chr1:28883448-28884276	17	1508	TRUE	0.72	-0.20107426168105835	FALSE	794	47	0.015272113626775418
ENSG00000130770	chr1:28883448-28884276	790	101767	TRUE	2.1876795131857085e-32	-0.5583056904099197	TRUE	794	48	10.547480429381709
ENSG00000117748	chr1:28883448-28884276	485	57810	TRUE	4.0601051266205283e-10	-0.5126174324339273	TRUE	794	48	0.935658369662026
ENSG00000116350	chr1:28883448-28884276	550	66118	TRUE	7.836679135387542e-9	-0.5510403156439789	TRUE	794	48	1.2021844091313927
ENSG00000242125	chr1:28883448-28884276	777	98302	TRUE	1.4805714637447395e-6	-0.28552734689877735	TRUE	794	48	5.561055641494399
ENSG00000159023	chr1:28883448-28884276	309	48040	TRUE	2.9657264871658045e-6	-0.5141374983157642	TRUE	794	48	0.6829981718464351
ENSG00000126698	chr1:28883448-28884276	671	81443	TRUE	2.3247443068209815e-4	-0.34329951573541684	TRUE	794	48	2.092757699339052
ENSG00000130766	chr1:28883448-28884276	97	13053	TRUE	4.7031307889528785e-4	-0.6007487016894015	TRUE	794	48	0.14614915858060282
ENSG00000120656	chr1:28883448-28884276	347	43853	TRUE	6.831611282845339e-4	-0.37141663551882353	TRUE	794	48	0.6082876294942109
ENSG00000180198	chr1:28883448-28884276	310	35894	TRUE	0.0010656833130550034	-0.5005251153568538	TRUE	794	48	0.47475741808465755
ENSG00000228589	chr1:28883448-28884276	17	1508	TRUE	0.019470866798029174	-1.338577785430993	TRUE	794	48	0.015272113626775418
ENSG00000240750	chr1:28883448-28884276	12	1490	TRUE	0.028	0.618123451740459	TRUE	794	48	0.014597103079735621
ENSG00000158161	chr1:28883448-28884276	126	16051	TRUE	0.148	-0.31530966950922856	FALSE	794	48	0.17926217597149954
ENSG00000198492	chr1:28883448-28884276	367	43617	TRUE	0.22	-0.28604466658036687	FALSE	794	48	0.6081657525898843
ENSG00000130772	chr1:28883448-28884276	56	5304	TRUE	0.536	-0.05405327552543149	FALSE	794	48	0.05356958702479726
ENSG00000180098	chr1:28883448-28884276	146	16847	TRUE	0.544	-0.17993070122276178	FALSE	794	48	0.1849341395959312
ENSG00000116353	chr1:28883448-28884276	222	24831	TRUE	0.568	-0.051267060295553835	FALSE	794	48	0.2895420240941265
ENSG00000162419	chr1:28883448-28884276	39	5472	TRUE	0.584	-0.29805799706164837	FALSE	794	48	0.05565086954483664
ENSG00000270605	chr1:28883448-28884276	30	4662	TRUE	0.804	0.1493066989030547	FALSE	794	48	0.04706323536305255
ENSG00000204138	chr1:28883448-28884276	156	18165	TRUE	0.92	-0.132772461790454	FALSE	794	48	0.20273754277410586
ENSG00000197989	chr1:28883448-28884276	206	20548	TRUE	0.94	-0.23856467792236735	FALSE	794	48	0.24450382037219331
ENSG00000130770	chr1:28883448-28884276	790	101767	TRUE	3.5398143439401637e-8	-0.30190002304202945	TRUE	794	49	10.547480429381709
ENSG00000198492	chr1:28883448-28884276	367	43617	TRUE	1.7469508609404367e-5	-0.5165285002703625	TRUE	794	49	0.6081657525898843
ENSG00000120656	chr1:28883448-28884276	347	43853	TRUE	1.0140330210849438e-4	-0.39316621890927883	TRUE	794	49	0.6082876294942109
ENSG00000242125	chr1:28883448-28884276	777	98302	TRUE	2.926261794145152e-4	-0.25082355208735674	TRUE	794	49	5.561055641494399
ENSG00000117748	chr1:28883448-28884276	485	57810	TRUE	4.8313357168026667e-4	-0.34184153445212206	TRUE	794	49	0.935658369662026
ENSG00000180198	chr1:28883448-28884276	310	35894	TRUE	0.002101922045021798	-0.4820878671001775	TRUE	794	49	0.47475741808465755
ENSG00000126698	chr1:28883448-28884276	671	81443	TRUE	0.009807981269787283	-0.29539687352447663	TRUE	794	49	2.092757699339052
ENSG00000180098	chr1:28883448-28884276	146	16847	TRUE	0.009833971502216682	-0.4615010584939836	TRUE	794	49	0.1849341395959312
ENSG00000116350	chr1:28883448-28884276	550	66118	TRUE	0.052	-0.3335633847216476	FALSE	794	49	1.2021844091313927
ENSG00000158161	chr1:28883448-28884276	126	16051	TRUE	0.08	-0.3751811254866273	FALSE	794	49	0.17926217597149954
ENSG00000240750	chr1:28883448-28884276	12	1490	TRUE	0.128	-0.8224491396455225	FALSE	794	49	0.014597103079735621
ENSG00000204138	chr1:28883448-28884276	156	18165	TRUE	0.156	-0.2657463270598748	FALSE	794	49	0.20273754277410586
ENSG00000159023	chr1:28883448-28884276	309	48040	TRUE	0.276	-0.2454565293408283	FALSE	794	49	0.6829981718464351
ENSG00000130766	chr1:28883448-28884276	97	13053	TRUE	0.512	-0.09378871296951807	FALSE	794	49	0.14614915858060282
ENSG00000270605	chr1:28883448-28884276	30	4662	TRUE	0.624	0.2589311900775524	FALSE	794	49	0.04706323536305255
ENSG00000116353	chr1:28883448-28884276	222	24831	TRUE	0.72	-0.14477894621869813	FALSE	794	49	0.2895420240941265
ENSG00000130772	chr1:28883448-28884276	56	5304	TRUE	0.728	-0.22006322696436076	FALSE	794	49	0.05356958702479726
ENSG00000228589	chr1:28883448-28884276	17	1508	TRUE	0.736	-0.33857778543099304	FALSE	794	49	0.015272113626775418
ENSG00000197989	chr1:28883448-28884276	206	20548	TRUE	0.856	-0.23107014137544324	FALSE	794	49	0.24450382037219331
ENSG00000162419	chr1:28883448-28884276	39	5472	TRUE	0.868	-0.05989825986688402	FALSE	794	49	0.05565086954483664
ENSG00000126698	chr1:28883448-28884276	671	81443	TRUE	5.332469087768328e-17	-0.5925670880002627	TRUE	794	50	2.092757699339052
ENSG00000242125	chr1:28883448-28884276	777	98302	TRUE	1.7477535269417649e-9	-0.34477540616169033	TRUE	794	50	5.561055641494399
ENSG00000130770	chr1:28883448-28884276	790	101767	TRUE	2.3140584684807947e-5	-0.2525291081069678	TRUE	794	50	10.547480429381709
ENSG00000116350	chr1:28883448-28884276	550	66118	TRUE	3.985050552946755e-4	-0.407650352503637	TRUE	794	50	1.2021844091313927
ENSG00000130766	chr1:28883448-28884276	97	13053	TRUE	0.0019791802010880773	-0.4736367837860622	TRUE	794	50	0.14614915858060282
ENSG00000204138	chr1:28883448-28884276	156	18165	TRUE	0.0028371176550285454	-0.5031409117355694	TRUE	794	50	0.20273754277410586
ENSG00000159023	chr1:28883448-28884276	309	48040	TRUE	0.004063565785602265	-0.37201241682545183	TRUE	794	50	0.6829981718464351
ENSG00000116353	chr1:28883448-28884276	222	24831	TRUE	0.004548790284387729	-0.4443392280776064	TRUE	794	50	0.2895420240941265
ENSG00000130772	chr1:28883448-28884276	56	5304	TRUE	0.036	-0.7196342364548718	TRUE	794	50	0.05356958702479726
ENSG00000117748	chr1:28883448-28884276	485	57810	TRUE	0.04	-0.2731815385518924	TRUE	794	50	0.935658369662026
ENSG00000197989	chr1:28883448-28884276	206	20548	TRUE	0.06	-0.4836771757588987	FALSE	794	50	0.24450382037219331
ENSG00000228589	chr1:28883448-28884276	17	1508	TRUE	0.064	-1.0755433795971996	FALSE	794	50	0.015272113626775418
ENSG00000120656	chr1:28883448-28884276	347	43853	TRUE	0.1	-0.004854591658809415	FALSE	794	50	0.6082876294942109
ENSG00000180198	chr1:28883448-28884276	310	35894	TRUE	0.12	-0.38897846270869596	FALSE	794	50	0.47475741808465755
ENSG00000180098	chr1:28883448-28884276	146	16847	TRUE	0.132	-0.33079736684938954	FALSE	794	50	0.1849341395959312
ENSG00000198492	chr1:28883448-28884276	367	43617	TRUE	0.176	-0.2731920645083036	FALSE	794	50	0.6081657525898843
ENSG00000158161	chr1:28883448-28884276	126	16051	TRUE	0.212	-0.2691394880763025	FALSE	794	50	0.17926217597149954
ENSG00000162419	chr1:28883448-28884276	39	5472	TRUE	0.292	-0.37400685029494696	FALSE	794	50	0.05565086954483664
ENSG00000240750	chr1:28883448-28884276	12	1490	TRUE	0.36	-0.45987906026081404	FALSE	794	50	0.014597103079735621
ENSG00000270605	chr1:28883448-28884276	30	4662	TRUE	0.94	0.07130418690178164	FALSE	794	50	0.04706323536305255
ENSG00000117748	chr1:28883448-28884276	485	57810	TRUE	5.055761726366294e-7	-0.4452711241075275	TRUE	794	51	0.935658369662026
ENSG00000126698	chr1:28883448-28884276	671	81443	TRUE	2.394214395711501e-5	-0.36885200322861844	TRUE	794	51	2.092757699339052
ENSG00000130770	chr1:28883448-28884276	790	101767	TRUE	3.6141996768186604e-5	-0.24661758754083962	TRUE	794	51	10.547480429381709
ENSG00000198492	chr1:28883448-28884276	367	43617	TRUE	1.1584704540842624e-4	-0.49026284557655686	TRUE	794	51	0.6081657525898843
ENSG00000242125	chr1:28883448-28884276	777	98302	TRUE	5.023758177232236e-4	-0.24326356077451194	TRUE	794	51	5.561055641494399
ENSG00000116350	chr1:28883448-28884276	550	66118	TRUE	8e-4	-0.4338026403596056	TRUE	794	51	1.2021844091313927
ENSG00000240750	chr1:28883448-28884276	12	1490	TRUE	0.014612539569736682	-1.629804061703127	TRUE	794	51	0.014597103079735621
ENSG00000130766	chr1:28883448-28884276	97	13053	TRUE	0.014694132679635027	-0.3729427841665891	TRUE	794	51	0.14614915858060282
ENSG00000120656	chr1:28883448-28884276	347	43853	TRUE	0.048	-0.26398755981027533	TRUE	794	51	0.6082876294942109
ENSG00000180198	chr1:28883448-28884276	310	35894	TRUE	0.048	-0.41060847868023853	TRUE	794	51	0.47475741808465755
ENSG00000204138	chr1:28883448-28884276	156	18165	TRUE	0.048	-0.37956622661703676	TRUE	794	51	0.20273754277410586
ENSG00000158161	chr1:28883448-28884276	126	16051	TRUE	0.06	-0.3874594552650641	FALSE	794	51	0.17926217597149954
ENSG00000270605	chr1:28883448-28884276	30	4662	TRUE	0.076	-0.3437333123770623	FALSE	794	51	0.04706323536305255
ENSG00000159023	chr1:28883448-28884276	309	48040	TRUE	0.108	-0.28256052400356757	FALSE	794	51	0.6829981718464351
ENSG00000180098	chr1:28883448-28884276	146	16847	TRUE	0.228	-0.2750879342631021	FALSE	794	51	0.1849341395959312
ENSG00000130772	chr1:28883448-28884276	56	5304	TRUE	0.344	-0.4483322146374782	FALSE	794	51	0.05356958702479726
ENSG00000228589	chr1:28883448-28884276	17	1508	TRUE	0.364	-0.4905808788760426	FALSE	794	51	0.015272113626775418
ENSG00000116353	chr1:28883448-28884276	222	24831	TRUE	0.6	-0.15771800192619656	FALSE	794	51	0.2895420240941265
ENSG00000197989	chr1:28883448-28884276	206	20548	TRUE	0.8	-0.261284754422451	FALSE	794	51	0.24450382037219331
ENSG00000162419	chr1:28883448-28884276	39	5472	TRUE	0.896	-0.15719546122179828	FALSE	794	51	0.05565086954483664
ENSG00000242125	chr1:28883448-28884276	777	98302	TRUE	1.569089463328371e-23	-0.5060107488010881	TRUE	794	52	5.561055641494399
ENSG00000130770	chr1:28883448-28884276	790	101767	TRUE	8.7307806846716e-14	-0.37033307358688106	TRUE	794	52	10.547480429381709
ENSG00000126698	chr1:28883448-28884276	671	81443	TRUE	2.4021949791456153e-9	-0.4662645048865629	TRUE	794	52	2.092757699339052
ENSG00000117748	chr1:28883448-28884276	485	57810	TRUE	4.136066015385828e-7	-0.4307228155383723	TRUE	794	52	0.935658369662026
ENSG00000180198	chr1:28883448-28884276	310	35894	TRUE	0.0021493211987566804	-0.48667513659582917	TRUE	794	52	0.47475741808465755
ENSG00000116350	chr1:28883448-28884276	550	66118	TRUE	0.0033511033105680724	-0.3887688867451017	TRUE	794	52	1.2021844091313927
ENSG00000158161	chr1:28883448-28884276	126	16051	TRUE	0.003969285470426298	-0.5029366726849998	TRUE	794	52	0.17926217597149954
ENSG00000120656	chr1:28883448-28884276	347	43853	TRUE	0.048	-0.24079793243838576	FALSE	794	52	0.6082876294942109
ENSG00000197989	chr1:28883448-28884276	206	20548	TRUE	0.06	-0.4398228861694711	FALSE	794	52	0.24450382037219331
ENSG00000198492	chr1:28883448-28884276	367	43617	TRUE	0.076	-0.2892757878433797	FALSE	794	52	0.6081657525898843
ENSG00000162419	chr1:28883448-28884276	39	5472	TRUE	0.092	-0.4959973746735571	FALSE	794	52	0.05565086954483664
ENSG00000270605	chr1:28883448-28884276	30	4662	TRUE	0.116	-0.2912658924829268	FALSE	794	52	0.04706323536305255
ENSG00000180098	chr1:28883448-28884276	146	16847	TRUE	0.12	-0.3082547981983015	FALSE	794	52	0.1849341395959312
ENSG00000159023	chr1:28883448-28884276	309	48040	TRUE	0.132	-0.26817660584091174	FALSE	794	52	0.6829981718464351
ENSG00000204138	chr1:28883448-28884276	156	18165	TRUE	0.136	-0.32671434435130164	FALSE	794	52	0.20273754277410586
ENSG00000130766	chr1:28883448-28884276	97	13053	TRUE	0.292	-0.17625087316149113	FALSE	794	52	0.14614915858060282
ENSG00000130772	chr1:28883448-28884276	56	5304	TRUE	0.308	-0.49015239033210456	FALSE	794	52	0.05356958702479726
ENSG00000116353	chr1:28883448-28884276	222	24831	TRUE	0.32	-0.22421341371310333	FALSE	794	52	0.2895420240941265
ENSG00000228589	chr1:28883448-28884276	17	1508	TRUE	0.436	0.24638471529016304	FALSE	794	52	0.015272113626775418
ENSG00000240750	chr1:28883448-28884276	12	1490	TRUE	0.912	-0.17037244306582977	FALSE	794	52	0.014597103079735621
ENSG00000242125	chr1:28883448-28884276	777	98302	TRUE	1.1712280968470482e-11	-0.36143622963722954	TRUE	794	53	5.561055641494399
ENSG00000130770	chr1:28883448-28884276	790	101767	TRUE	3.390644482519875e-10	-0.32221159307139136	TRUE	794	53	10.547480429381709
ENSG00000120656	chr1:28883448-28884276	347	43853	TRUE	5.2726059746261225e-6	-0.4339125612525878	TRUE	794	53	0.6082876294942109
ENSG00000158161	chr1:28883448-28884276	126	16051	TRUE	1.0938075246770236e-5	-0.7659710785187936	TRUE	794	53	0.17926217597149954
ENSG00000159023	chr1:28883448-28884276	309	48040	TRUE	4.329457126316322e-5	-0.44455662942052343	TRUE	794	53	0.6829981718464351
ENSG00000116350	chr1:28883448-28884276	550	66118	TRUE	3.094479973373733e-4	-0.4197957823657263	TRUE	794	53	1.2021844091313927
ENSG00000126698	chr1:28883448-28884276	671	81443	TRUE	3.1032700257673613e-4	-0.3520934849672517	TRUE	794	53	2.092757699339052
ENSG00000116353	chr1:28883448-28884276	222	24831	TRUE	5.304565996986001e-4	-0.5258691135742044	TRUE	794	53	0.2895420240941265
ENSG00000180198	chr1:28883448-28884276	310	35894	TRUE	0.0011848974106209442	-0.5239080427948045	TRUE	794	53	0.47475741808465755
ENSG00000197989	chr1:28883448-28884276	206	20548	TRUE	0.002984146306098629	-0.6043586581813623	TRUE	794	53	0.24450382037219331
ENSG00000198492	chr1:28883448-28884276	367	43617	TRUE	0.068	-0.30554084220616406	FALSE	794	53	0.6081657525898843
ENSG00000117748	chr1:28883448-28884276	485	57810	TRUE	0.1	-0.2200962620997528	FALSE	794	53	0.935658369662026
ENSG00000130772	chr1:28883448-28884276	56	5304	TRUE	0.14	-0.6234189211955687	FALSE	794	53	0.05356958702479726
ENSG00000130766	chr1:28883448-28884276	97	13053	TRUE	0.228	-0.1904647323811921	FALSE	794	53	0.14614915858060282
ENSG00000270605	chr1:28883448-28884276	30	4662	TRUE	0.276	-0.1917302189320127	FALSE	794	53	0.04706323536305255
ENSG00000228589	chr1:28883448-28884276	17	1508	TRUE	0.452	-0.4905808788760426	FALSE	794	53	0.015272113626775418
ENSG00000180098	chr1:28883448-28884276	146	16847	TRUE	0.496	-0.034079834759307204	FALSE	794	53	0.1849341395959312
ENSG00000162419	chr1:28883448-28884276	39	5472	TRUE	0.524	0.0015022847972590014	FALSE	794	53	0.05565086954483664
ENSG00000240750	chr1:28883448-28884276	12	1490	TRUE	0.536	-0.30787596681576446	FALSE	794	53	0.014597103079735621
ENSG00000204138	chr1:28883448-28884276	156	18165	TRUE	0.996	-0.10580541419018452	FALSE	794	53	0.20273754277410586
ENSG00000126698	chr1:28883448-28884276	671	81443	TRUE	2.978224965173563e-11	-0.5017027856540712	TRUE	794	54	2.092757699339052
ENSG00000242125	chr1:28883448-28884276	777	98302	TRUE	8.723685232634067e-9	-0.3370912599485134	TRUE	794	54	5.561055641494399
ENSG00000117748	chr1:28883448-28884276	485	57810	TRUE	4.089649994369095e-7	-0.4723301363319484	TRUE	794	54	0.935658369662026
ENSG00000130770	chr1:28883448-28884276	790	101767	TRUE	1.5188702655425236e-5	-0.25865683716375454	TRUE	794	54	10.547480429381709
ENSG00000197989	chr1:28883448-28884276	206	20548	TRUE	4.630522834101099e-5	-0.7254950956829966	TRUE	794	54	0.24450382037219331
ENSG00000116350	chr1:28883448-28884276	550	66118	TRUE	5.691481068676612e-5	-0.4338026403596056	TRUE	794	54	1.2021844091313927
ENSG00000116353	chr1:28883448-28884276	222	24831	TRUE	0.0072819807368089545	-0.4052394083886659	TRUE	794	54	0.2895420240941265
ENSG00000180098	chr1:28883448-28884276	146	16847	TRUE	0.044	-0.3652857432346801	FALSE	794	54	0.1849341395959312
ENSG00000204138	chr1:28883448-28884276	156	18165	TRUE	0.052	-0.35819257582446973	FALSE	794	54	0.20273754277410586
ENSG00000240750	chr1:28883448-28884276	12	1490	TRUE	0.076	-1.044841560981971	FALSE	794	54	0.014597103079735621
ENSG00000130766	chr1:28883448-28884276	97	13053	TRUE	0.088	-0.26371371441183067	FALSE	794	54	0.14614915858060282
ENSG00000270605	chr1:28883448-28884276	30	4662	TRUE	0.096	-0.39818109639943877	FALSE	794	54	0.04706323536305255
ENSG00000159023	chr1:28883448-28884276	309	48040	TRUE	0.108	-0.26817660584091174	FALSE	794	54	0.6829981718464351
ENSG00000130772	chr1:28883448-28884276	56	5304	TRUE	0.132	-0.5332211122239912	FALSE	794	54	0.05356958702479726
ENSG00000120656	chr1:28883448-28884276	347	43853	TRUE	0.144	-0.22445919562363814	FALSE	794	54	0.6082876294942109
ENSG00000158161	chr1:28883448-28884276	126	16051	TRUE	0.176	-0.30362786446159307	FALSE	794	54	0.17926217597149954
ENSG00000180198	chr1:28883448-28884276	310	35894	TRUE	0.184	-0.3466676578507316	FALSE	794	54	0.47475741808465755
ENSG00000162419	chr1:28883448-28884276	39	5472	TRUE	0.556	-0.26153212103653445	FALSE	794	54	0.05565086954483664
ENSG00000198492	chr1:28883448-28884276	367	43617	TRUE	0.684	-0.20753263840184333	FALSE	794	54	0.6081657525898843
ENSG00000228589	chr1:28883448-28884276	17	1508	TRUE	0.964	0.03993383782273696	FALSE	794	54	0.015272113626775418
ENSG00000130770	chr1:28883448-28884276	790	101767	TRUE	8.338758782526917e-10	-0.3198071007799812	TRUE	794	55	10.547480429381709
ENSG00000159023	chr1:28883448-28884276	309	48040	TRUE	7.607550692043262e-8	-0.5908205008128609	TRUE	794	55	0.6829981718464351
ENSG00000117748	chr1:28883448-28884276	485	57810	TRUE	1.970089659804222e-7	-0.43797863154117145	TRUE	794	55	0.935658369662026
ENSG00000242125	chr1:28883448-28884276	777	98302	TRUE	1.3198467502324902e-5	-0.2555234774397226	TRUE	794	55	5.561055641494399
ENSG00000126698	chr1:28883448-28884276	671	81443	TRUE	3.06947044443459e-5	-0.3728236369575202	TRUE	794	55	2.092757699339052
ENSG00000116350	chr1:28883448-28884276	550	66118	TRUE	7.418099719336789e-5	-0.43732570692330264	TRUE	794	55	1.2021844091313927
ENSG00000116353	chr1:28883448-28884276	222	24831	TRUE	1.8028729615987213e-4	-0.5091903724275739	TRUE	794	55	0.2895420240941265
ENSG00000198492	chr1:28883448-28884276	367	43617	TRUE	0.0010423448275437366	-0.4248397705785082	TRUE	794	55	0.6081657525898843
ENSG00000120656	chr1:28883448-28884276	347	43853	TRUE	0.003186949770608148	-0.31843534383265193	TRUE	794	55	0.6082876294942109
ENSG00000158161	chr1:28883448-28884276	126	16051	TRUE	0.064	-0.3751811254866273	FALSE	794	55	0.17926217597149954
ENSG00000130772	chr1:28883448-28884276	56	5304	TRUE	0.072	-0.5776152315824445	FALSE	794	55	0.05356958702479726
ENSG00000270605	chr1:28883448-28884276	30	4662	TRUE	0.092	-0.2912658924829268	FALSE	794	55	0.04706323536305255
ENSG00000162419	chr1:28883448-28884276	39	5472	TRUE	0.104	-0.4541771989789307	FALSE	794	55	0.05565086954483664
ENSG00000180198	chr1:28883448-28884276	310	35894	TRUE	0.128	-0.3466676578507316	FALSE	794	55	0.47475741808465755
ENSG00000228589	chr1:28883448-28884276	17	1508	TRUE	0.24	-0.4905808788760426	FALSE	794	55	0.015272113626775418
ENSG00000240750	chr1:28883448-28884276	12	1490	TRUE	0.252	-0.8224491396455225	FALSE	794	55	0.014597103079735621
ENSG00000180098	chr1:28883448-28884276	146	16847	TRUE	0.288	-0.2860590520841053	FALSE	794	55	0.1849341395959312
ENSG00000204138	chr1:28883448-28884276	156	18165	TRUE	0.396	-0.21683672657892838	FALSE	794	55	0.20273754277410586
ENSG00000197989	chr1:28883448-28884276	206	20548	TRUE	0.896	-0.2536715703125756	FALSE	794	55	0.24450382037219331
ENSG00000130766	chr1:28883448-28884276	97	13053	TRUE	0.924	-0.015786200968245012	FALSE	794	55	0.14614915858060282
ENSG00000242125	chr1:28883448-28884276	777	98302	TRUE	2.043273114073631e-12	-0.36143622963722954	TRUE	794	56	5.561055641494399
ENSG00000130770	chr1:28883448-28884276	790	101767	TRUE	2.697082028228087e-8	-0.29913434636697156	TRUE	794	56	10.547480429381709
ENSG00000126698	chr1:28883448-28884276	671	81443	TRUE	6.248191366873633e-7	-0.4080498909412671	TRUE	794	56	2.092757699339052
ENSG00000180198	chr1:28883448-28884276	310	35894	TRUE	7.5458470351243015e-6	-0.6520128685424899	TRUE	794	56	0.47475741808465755
ENSG00000158161	chr1:28883448-28884276	126	16051	TRUE	3.545427324705983e-5	-0.7342622187914554	TRUE	794	56	0.17926217597149954
ENSG00000116350	chr1:28883448-28884276	550	66118	TRUE	1.0197731853715721e-4	-0.43204432808724663	TRUE	794	56	1.2021844091313927
ENSG00000198492	chr1:28883448-28884276	367	43617	TRUE	3.8960947190010576e-4	-0.45718049062072674	TRUE	794	56	0.6081657525898843
ENSG00000204138	chr1:28883448-28884276	156	18165	TRUE	0.0064423712224932345	-0.44565541707480927	TRUE	794	56	0.20273754277410586
ENSG00000117748	chr1:28883448-28884276	485	57810	TRUE	0.00695382893746601	-0.2840370829292596	TRUE	794	56	0.935658369662026
ENSG00000116353	chr1:28883448-28884276	222	24831	TRUE	0.010929190487950352	-0.3898914440552299	TRUE	794	56	0.2895420240941265
ENSG00000120656	chr1:28883448-28884276	347	43853	TRUE	0.013945773523411729	-0.2909546074105449	TRUE	794	56	0.6082876294942109
ENSG00000159023	chr1:28883448-28884276	309	48040	TRUE	0.017694256863346008	-0.3295771505050552	TRUE	794	56	0.6829981718464351
ENSG00000197989	chr1:28883448-28884276	206	20548	TRUE	0.036	-0.46597517402543964	TRUE	794	56	0.24450382037219331
ENSG00000162419	chr1:28883448-28884276	39	5472	TRUE	0.04	-0.6292639055370213	TRUE	794	56	0.05565086954483664
ENSG00000130772	chr1:28883448-28884276	56	5304	TRUE	0.108	-0.5332211122239912	FALSE	794	56	0.05356958702479726
ENSG00000270605	chr1:28883448-28884276	30	4662	TRUE	0.308	-0.0986208145405314	FALSE	794	56	0.04706323536305255
ENSG00000130766	chr1:28883448-28884276	97	13053	TRUE	0.456	-0.0804918903560603	FALSE	794	56	0.14614915858060282
ENSG00000228589	chr1:28883448-28884276	17	1508	TRUE	0.608	-0.20107426168105835	FALSE	794	56	0.015272113626775418
ENSG00000240750	chr1:28883448-28884276	12	1490	TRUE	0.692	-0.30787596681576446	FALSE	794	56	0.014597103079735621
ENSG00000180098	chr1:28883448-28884276	146	16847	TRUE	0.704	-0.07155454017797025	FALSE	794	56	0.1849341395959312
ENSG00000130770	chr1:28883448-28884276	790	101767	TRUE	5.169055896333161e-20	-0.42807819222605614	TRUE	794	57	10.547480429381709
ENSG00000242125	chr1:28883448-28884276	777	98302	TRUE	4.557243623046369e-8	-0.3123967326954844	TRUE	794	57	5.561055641494399
ENSG00000126698	chr1:28883448-28884276	671	81443	TRUE	6.831321486329509e-5	-0.3718297030285139	TRUE	794	57	2.092757699339052
ENSG00000180098	chr1:28883448-28884276	146	16847	TRUE	8.413152016941913e-5	-0.6612705708697608	TRUE	794	57	0.1849341395959312
ENSG00000197989	chr1:28883448-28884276	206	20548	TRUE	9.784580520249761e-5	-0.7045861059200158	TRUE	794	57	0.24450382037219331
ENSG00000180198	chr1:28883448-28884276	310	35894	TRUE	3.489464957445263e-4	-0.5524771949915753	TRUE	794	57	0.47475741808465755
ENSG00000198492	chr1:28883448-28884276	367	43617	TRUE	7.389382582473104e-4	-0.4319642050118896	TRUE	794	57	0.6081657525898843
ENSG00000130766	chr1:28883448-28884276	97	13053	TRUE	0.0026915137727956395	-0.4563587923542265	TRUE	794	57	0.14614915858060282
ENSG00000116353	chr1:28883448-28884276	222	24831	TRUE	0.0033390424488801487	-0.4129750571682709	TRUE	794	57	0.2895420240941265
ENSG00000159023	chr1:28883448-28884276	309	48040	TRUE	0.01991535602243595	-0.3445897213600797	TRUE	794	57	0.6829981718464351
ENSG00000116350	chr1:28883448-28884276	550	66118	TRUE	0.032	-0.3450984150881252	TRUE	794	57	1.2021844091313927
ENSG00000158161	chr1:28883448-28884276	126	16051	TRUE	0.072	-0.30362786446159307	FALSE	794	57	0.17926217597149954
ENSG00000228589	chr1:28883448-28884276	17	1508	TRUE	0.08	-1.0755433795971996	FALSE	794	57	0.015272113626775418
ENSG00000117748	chr1:28883448-28884276	485	57810	TRUE	0.084	-0.2180129475992636	FALSE	794	57	0.935658369662026
ENSG00000204138	chr1:28883448-28884276	156	18165	TRUE	0.084	-0.35819257582446973	FALSE	794	57	0.20273754277410586
ENSG00000240750	chr1:28883448-28884276	12	1490	TRUE	0.152	-0.8224491396455225	FALSE	794	57	0.014597103079735621
ENSG00000270605	chr1:28883448-28884276	30	4662	TRUE	0.192	-0.1917302189320127	FALSE	794	57	0.04706323536305255
ENSG00000130772	chr1:28883448-28884276	56	5304	TRUE	0.356	-0.3681618659534944	FALSE	794	57	0.05356958702479726
ENSG00000162419	chr1:28883448-28884276	39	5472	TRUE	0.56	-0.29805799706164837	FALSE	794	57	0.05565086954483664
ENSG00000120656	chr1:28883448-28884276	347	43853	TRUE	0.828	-0.13013181307548471	FALSE	794	57	0.6082876294942109
ENSG00000130770	chr1:28883448-28884276	790	101767	TRUE	7.66783157027709e-16	-0.3977540006665423	TRUE	794	58	10.547480429381709
ENSG00000198492	chr1:28883448-28884276	367	43617	TRUE	8.015778387992364e-10	-0.693570906581826	TRUE	794	58	0.6081657525898843
ENSG00000242125	chr1:28883448-28884276	777	98302	TRUE	2.2855183321805582e-8	-0.3184362811950474	TRUE	794	58	5.561055641494399
ENSG00000116350	chr1:28883448-28884276	550	66118	TRUE	9.90546265671583e-6	-0.4676243074563415	TRUE	794	58	1.2021844091313927
ENSG00000117748	chr1:28883448-28884276	485	57810	TRUE	1.7154922431879163e-5	-0.3996959199177479	TRUE	794	58	0.935658369662026
ENSG00000126698	chr1:28883448-28884276	671	81443	TRUE	1.478728604603222e-4	-0.3599556027402222	TRUE	794	58	2.092757699339052
ENSG00000120656	chr1:28883448-28884276	347	43853	TRUE	5.692502848973074e-4	-0.37141663551882353	TRUE	794	58	0.6082876294942109
ENSG00000204138	chr1:28883448-28884276	156	18165	TRUE	0.0011907064855430985	-0.5267921798002151	TRUE	794	58	0.20273754277410586
ENSG00000116353	chr1:28883448-28884276	222	24831	TRUE	0.002305073954386264	-0.4522879811930971	TRUE	794	58	0.2895420240941265
ENSG00000162419	chr1:28883448-28884276	39	5472	TRUE	0.0024452345047984436	-0.9396040261491718	TRUE	794	58	0.05565086954483664
ENSG00000159023	chr1:28883448-28884276	309	48040	TRUE	0.00862081319766439	-0.36281347997898705	TRUE	794	58	0.6829981718464351
ENSG00000180198	chr1:28883448-28884276	310	35894	TRUE	0.036	-0.40191751841619416	TRUE	794	58	0.47475741808465755
ENSG00000197989	chr1:28883448-28884276	206	20548	TRUE	0.06	-0.45720496439770786	TRUE	794	58	0.24450382037219331
ENSG00000228589	chr1:28883448-28884276	17	1508	TRUE	0.104	-0.853150958260751	FALSE	794	58	0.015272113626775418
ENSG00000130766	chr1:28883448-28884276	97	13053	TRUE	0.136	-0.21931959505337728	FALSE	794	58	0.14614915858060282
ENSG00000130772	chr1:28883448-28884276	56	5304	TRUE	0.232	-0.4483322146374782	FALSE	794	58	0.05356958702479726
ENSG00000240750	chr1:28883448-28884276	12	1490	TRUE	0.248	0.3701959382968729	FALSE	794	58	0.014597103079735621
ENSG00000180098	chr1:28883448-28884276	146	16847	TRUE	0.488	-0.22144997066102867	FALSE	794	58	0.1849341395959312
ENSG00000158161	chr1:28883448-28884276	126	16051	TRUE	0.496	-0.21343005549001504	FALSE	794	58	0.17926217597149954
ENSG00000270605	chr1:28883448-28884276	30	4662	TRUE	0.992	0.1493066989030547	FALSE	794	58	0.04706323536305255
ENSG00000130770	chr1:28883448-28884276	790	101767	TRUE	2.5570830451663404e-16	-0.3937444601969333	TRUE	794	59	10.547480429381709
ENSG00000180198	chr1:28883448-28884276	310	35894	TRUE	6.124611256462693e-6	-0.6214245487090669	TRUE	794	59	0.47475741808465755
ENSG00000159023	chr1:28883448-28884276	309	48040	TRUE	9.01273289621602e-6	-0.49391247025173013	TRUE	794	59	0.6829981718464351
ENSG00000242125	chr1:28883448-28884276	777	98302	TRUE	1.948853653780064e-5	-0.273377489112955	TRUE	794	59	5.561055641494399
ENSG00000117748	chr1:28883448-28884276	485	57810	TRUE	1.8062370664294726e-4	-0.36010374084485036	TRUE	794	59	0.935658369662026
ENSG00000130766	chr1:28883448-28884276	97	13053	TRUE	0.002260316152453805	-0.49112421051490296	TRUE	794	59	0.14614915858060282
ENSG00000158161	chr1:28883448-28884276	126	16051	TRUE	0.0045693784866683435	-0.489639850071542	TRUE	794	59	0.17926217597149954
ENSG00000116350	chr1:28883448-28884276	550	66118	TRUE	0.009166640606910005	-0.3634133124682074	TRUE	794	59	1.2021844091313927
ENSG00000120656	chr1:28883448-28884276	347	43853	TRUE	0.017416790912087254	-0.30462954430762124	TRUE	794	59	0.6082876294942109
ENSG00000198492	chr1:28883448-28884276	367	43617	TRUE	0.024	-0.34198283817422437	TRUE	794	59	0.6081657525898843
ENSG00000204138	chr1:28883448-28884276	156	18165	TRUE	0.024	-0.3688398200239784	TRUE	794	59	0.20273754277410586
ENSG00000126698	chr1:28883448-28884276	671	81443	TRUE	0.028	-0.29633950344425053	TRUE	794	59	2.092757699339052
ENSG00000180098	chr1:28883448-28884276	146	16847	TRUE	0.028	-0.41259145801303676	TRUE	794	59	0.1849341395959312
ENSG00000116353	chr1:28883448-28884276	222	24831	TRUE	0.14	-0.28679795109112605	FALSE	794	59	0.2895420240941265
ENSG00000270605	chr1:28883448-28884276	30	4662	TRUE	0.22	-0.1444245041536556	FALSE	794	59	0.04706323536305255
ENSG00000130772	chr1:28883448-28884276	56	5304	TRUE	0.264	-0.4076902301401315	FALSE	794	59	0.05356958702479726
ENSG00000228589	chr1:28883448-28884276	17	1508	TRUE	0.408	-0.4905808788760426	FALSE	794	59	0.015272113626775418
ENSG00000197989	chr1:28883448-28884276	206	20548	TRUE	0.596	-0.2921457181272116	FALSE	794	59	0.24450382037219331
ENSG00000162419	chr1:28883448-28884276	39	5472	TRUE	0.656	-0.2259082113058133	FALSE	794	59	0.05565086954483664
ENSG00000240750	chr1:28883448-28884276	12	1490	TRUE	0.78	-0.30787596681576446	FALSE	794	59	0.014597103079735621
ENSG00000130770	chr1:28883448-28884276	790	101767	TRUE	6.948132316723734e-18	-0.41006303567232605	TRUE	794	60	10.547480429381709
ENSG00000242125	chr1:28883448-28884276	777	98302	TRUE	1.7864819160035047e-16	-0.43170865018762195	TRUE	794	60	5.561055641494399
ENSG00000159023	chr1:28883448-28884276	309	48040	TRUE	5.552973547248378e-11	-0.6832141051197558	TRUE	794	60	0.6829981718464351
ENSG00000126698	chr1:28883448-28884276	671	81443	TRUE	1.2269479333940522e-10	-0.4833380182455044	TRUE	794	60	2.092757699339052
ENSG00000198492	chr1:28883448-28884276	367	43617	TRUE	4.795751845414991e-8	-0.6103954237345849	TRUE	794	60	0.6081657525898843
ENSG00000117748	chr1:28883448-28884276	485	57810	TRUE	1.6226855771156023e-4	-0.34411170807694924	TRUE	794	60	0.935658369662026
ENSG00000116350	chr1:28883448-28884276	550	66118	TRUE	4e-4	-0.4730378036427058	TRUE	794	60	1.2021844091313927
ENSG00000162419	chr1:28883448-28884276	39	5472	TRUE	0.0010658612692306738	-1.059898259866884	TRUE	794	60	0.05565086954483664
ENSG00000158161	chr1:28883448-28884276	126	16051	TRUE	0.006799019542807323	-0.5029366726849998	TRUE	794	60	0.17926217597149954
ENSG00000197989	chr1:28883448-28884276	206	20548	TRUE	0.006904313682942614	-0.5661393359508717	TRUE	794	60	0.24450382037219331
ENSG00000204138	chr1:28883448-28884276	156	18165	TRUE	0.02014433617898076	-0.4012612977163559	TRUE	794	60	0.20273754277410586
ENSG00000270605	chr1:28883448-28884276	30	4662	TRUE	0.04	-0.5136583138193753	TRUE	794	60	0.04706323536305255
ENSG00000180198	chr1:28883448-28884276	310	35894	TRUE	0.048	-0.38041644920527184	TRUE	794	60	0.47475741808465755
ENSG00000120656	chr1:28883448-28884276	347	43853	TRUE	0.092	-0.21152013991613983	FALSE	794	60	0.6082876294942109
ENSG00000116353	chr1:28883448-28884276	222	24831	TRUE	0.12	-0.2797085263048069	FALSE	794	60	0.2895420240941265
ENSG00000180098	chr1:28883448-28884276	146	16847	TRUE	0.164	-0.3082547981983015	FALSE	794	60	0.1849341395959312
ENSG00000130772	chr1:28883448-28884276	56	5304	TRUE	0.204	-0.49015239033210456	FALSE	794	60	0.05356958702479726
ENSG00000130766	chr1:28883448-28884276	97	13053	TRUE	0.412	-0.1344306974668643	FALSE	794	60	0.14614915858060282
ENSG00000240750	chr1:28883448-28884276	12	1490	TRUE	0.908	-0.17037244306582977	FALSE	794	60	0.014597103079735621
ENSG00000228589	chr1:28883448-28884276	17	1508	TRUE	0.952	-0.07554337959719959	FALSE	794	60	0.015272113626775418
ENSG00000242125	chr1:28883448-28884276	777	98302	TRUE	4.2263942265280834e-13	-0.3858026744217451	TRUE	794	61	5.561055641494399
ENSG00000130770	chr1:28883448-28884276	790	101767	TRUE	5.887753367945246e-12	-0.3422030682588577	TRUE	794	61	10.547480429381709
ENSG00000117748	chr1:28883448-28884276	485	57810	TRUE	6.897960860730457e-7	-0.4331373684716724	TRUE	794	61	0.935658369662026
ENSG00000198492	chr1:28883448-28884276	367	43617	TRUE	1.2486869159216308e-6	-0.5549003111428813	TRUE	794	61	0.6081657525898843
ENSG00000126698	chr1:28883448-28884276	671	81443	TRUE	8.721043039227401e-6	-0.39284748429759697	TRUE	794	61	2.092757699339052
ENSG00000130766	chr1:28883448-28884276	97	13053	TRUE	1.7945137045861752e-5	-0.6787512136906746	TRUE	794	61	0.14614915858060282
ENSG00000159023	chr1:28883448-28884276	309	48040	TRUE	1.244482172436624e-4	-0.44455662942052343	TRUE	794	61	0.6829981718464351
ENSG00000180198	chr1:28883448-28884276	310	35894	TRUE	9.179962437779847e-4	-0.5051714802132187	TRUE	794	61	0.47475741808465755
ENSG00000120656	chr1:28883448-28884276	347	43853	TRUE	0.0013470149263071444	-0.35709696420175696	TRUE	794	61	0.6082876294942109
ENSG00000116353	chr1:28883448-28884276	222	24831	TRUE	0.00812275554051474	-0.4052394083886659	TRUE	794	61	0.2895420240941265
ENSG00000197989	chr1:28883448-28884276	206	20548	TRUE	0.020498032015275475	-0.5015990837561612	TRUE	794	61	0.24450382037219331
ENSG00000116350	chr1:28883448-28884276	550	66118	TRUE	0.032	-0.34179327036445306	TRUE	794	61	1.2021844091313927
ENSG00000228589	chr1:28883448-28884276	17	1508	TRUE	0.172	0.4269569609319843	FALSE	794	61	0.015272113626775418
ENSG00000180098	chr1:28883448-28884276	146	16847	TRUE	0.24	-0.2750879342631021	FALSE	794	61	0.1849341395959312
ENSG00000240750	chr1:28883448-28884276	12	1490	TRUE	0.312	-0.6298040617031271	FALSE	794	61	0.014597103079735621
ENSG00000162419	chr1:28883448-28884276	39	5472	TRUE	0.336	-0.37400685029494696	FALSE	794	61	0.05565086954483664
ENSG00000158161	chr1:28883448-28884276	126	16051	TRUE	0.34	-0.019419435523389872	FALSE	794	61	0.17926217597149954
ENSG00000270605	chr1:28883448-28884276	30	4662	TRUE	0.432	-0.1444245041536556	FALSE	794	61	0.04706323536305255
ENSG00000204138	chr1:28883448-28884276	156	18165	TRUE	0.436	-0.2264868966126481	FALSE	794	61	0.20273754277410586
ENSG00000130772	chr1:28883448-28884276	56	5304	TRUE	0.796	-0.11818361294514723	FALSE	794	61	0.05356958702479726
ENSG00000130770	chr1:28883448-28884276	790	101767	TRUE	2.5590085050748335e-11	-0.3340923228436452	TRUE	794	62	10.547480429381709
ENSG00000159023	chr1:28883448-28884276	309	48040	TRUE	8.22772790246755e-6	-0.48723331461410346	TRUE	794	62	0.6829981718464351
ENSG00000116350	chr1:28883448-28884276	550	66118	TRUE	4e-4	-0.4676243074563415	TRUE	794	62	1.2021844091313927
ENSG00000197989	chr1:28883448-28884276	206	20548	TRUE	0.0014308768569175467	-0.623854833807159	TRUE	794	62	0.24450382037219331
ENSG00000198492	chr1:28883448-28884276	367	43617	TRUE	0.0026463282486888368	-0.4071811040820016	TRUE	794	62	0.6081657525898843
ENSG00000180198	chr1:28883448-28884276	310	35894	TRUE	0.003718171716676884	-0.48667513659582917	TRUE	794	62	0.47475741808465755
ENSG00000126698	chr1:28883448-28884276	671	81443	TRUE	0.012580873612047289	-0.29539687352447663	TRUE	794	62	2.092757699339052
ENSG00000158161	chr1:28883448-28884276	126	16051	TRUE	0.01974634559532759	-0.45046925279086425	TRUE	794	62	0.17926217597149954
ENSG00000180098	chr1:28883448-28884276	146	16847	TRUE	0.024	-0.3769675482823156	TRUE	794	62	0.1849341395959312
ENSG00000242125	chr1:28883448-28884276	777	98302	TRUE	0.024	-0.2113049431896088	TRUE	794	62	5.561055641494399
ENSG00000130772	chr1:28883448-28884276	56	5304	TRUE	0.036	0.25527478258229763	TRUE	794	62	0.05356958702479726
ENSG00000270605	chr1:28883448-28884276	30	4662	TRUE	0.044	-0.3437333123770623	TRUE	794	62	0.04706323536305255
ENSG00000130766	chr1:28883448-28884276	97	13053	TRUE	0.052	-0.3251142590759737	TRUE	794	62	0.14614915858060282
ENSG00000162419	chr1:28883448-28884276	39	5472	TRUE	0.1	-0.4959973746735571	FALSE	794	62	0.05565086954483664
ENSG00000117748	chr1:28883448-28884276	485	57810	TRUE	0.136	-0.23055820091837725	FALSE	794	62	0.935658369662026
ENSG00000120656	chr1:28883448-28884276	347	43853	TRUE	0.296	-0.19550782192750893	FALSE	794	62	0.6082876294942109
ENSG00000240750	chr1:28883448-28884276	12	1490	TRUE	0.368	-0.45987906026081404	FALSE	794	62	0.014597103079735621
ENSG00000116353	chr1:28883448-28884276	222	24831	TRUE	0.48	-0.17077415475164281	FALSE	794	62	0.2895420240941265
ENSG00000204138	chr1:28883448-28884276	156	18165	TRUE	0.82	-0.0793332028289937	FALSE	794	62	0.20273754277410586
ENSG00000228589	chr1:28883448-28884276	17	1508	TRUE	0.872	-0.07554337959719959	FALSE	794	62	0.015272113626775418
ENSG00000242125	chr1:28883448-28884276	777	98302	TRUE	1.3227407403270167e-14	-0.4085730812970674	TRUE	794	63	5.561055641494399
ENSG00000130770	chr1:28883448-28884276	790	101767	TRUE	4.120390689196314e-14	-0.3776084043900565	TRUE	794	63	10.547480429381709
ENSG00000120656	chr1:28883448-28884276	347	43853	TRUE	3.361828653883857e-5	-0.43767448004878684	TRUE	794	63	0.6082876294942109
ENSG00000117748	chr1:28883448-28884276	485	57810	TRUE	2.2115852104471307e-4	-0.36932227087422914	TRUE	794	63	0.935658369662026
ENSG00000126698	chr1:28883448-28884276	671	81443	TRUE	4e-4	-0.6420357642645625	TRUE	794	63	2.092757699339052
ENSG00000116350	chr1:28883448-28884276	550	66118	TRUE	0.004090959402559616	-0.37350213009179123	TRUE	794	63	1.2021844091313927
ENSG00000197989	chr1:28883448-28884276	206	20548	TRUE	0.0042415460016241024	-0.5567406379486224	TRUE	794	63	0.24450382037219331
ENSG00000130772	chr1:28883448-28884276	56	5304	TRUE	0.004949624016365922	-0.9337590418077193	TRUE	794	63	0.05356958702479726
ENSG00000204138	chr1:28883448-28884276	156	18165	TRUE	0.024	-0.37956622661703676	TRUE	794	63	0.20273754277410586
ENSG00000180198	chr1:28883448-28884276	310	35894	TRUE	0.068	-0.38897846270869596	FALSE	794	63	0.47475741808465755
ENSG00000180098	chr1:28883448-28884276	146	16847	TRUE	0.076	-0.3536977689594685	FALSE	794	63	0.1849341395959312
ENSG00000158161	chr1:28883448-28884276	126	16051	TRUE	0.1	-0.33896093757387424	FALSE	794	63	0.17926217597149954
ENSG00000116353	chr1:28883448-28884276	222	24831	TRUE	0.156	-0.25169415013521035	FALSE	794	63	0.2895420240941265
ENSG00000228589	chr1:28883448-28884276	17	1508	TRUE	0.172	-0.6605058803183557	FALSE	794	63	0.015272113626775418
ENSG00000130766	chr1:28883448-28884276	97	13053	TRUE	0.228	-0.1904647323811921	FALSE	794	63	0.14614915858060282
ENSG00000159023	chr1:28883448-28884276	309	48040	TRUE	0.288	-0.22864824165427433	FALSE	794	63	0.6829981718464351
ENSG00000198492	chr1:28883448-28884276	367	43617	TRUE	0.404	-0.238426646347627	FALSE	794	63	0.6081657525898843
ENSG00000270605	chr1:28883448-28884276	30	4662	TRUE	0.416	-0.05422669518207801	FALSE	794	63	0.04706323536305255
ENSG00000162419	chr1:28883448-28884276	39	5472	TRUE	0.48	-0.29805799706164837	FALSE	794	63	0.05565086954483664
ENSG00000240750	chr1:28883448-28884276	12	1490	TRUE	0.96	-0.04484156098197101	FALSE	794	63	0.014597103079735621
ENSG00000242125	chr1:28883448-28884276	777	98302	TRUE	7.47163992292509e-9	-0.33402902469769424	TRUE	794	64	5.561055641494399
ENSG00000159023	chr1:28883448-28884276	309	48040	TRUE	3.1592410885433904e-7	-0.5450168111997362	TRUE	794	64	0.6829981718464351
ENSG00000130770	chr1:28883448-28884276	790	101767	TRUE	4.635748411184438e-7	-0.2758377264558334	TRUE	794	64	10.547480429381709
ENSG00000130766	chr1:28883448-28884276	97	13053	TRUE	3.2665898484597134e-6	-0.7612133738826472	TRUE	794	64	0.14614915858060282
ENSG00000116353	chr1:28883448-28884276	222	24831	TRUE	4.2559069504385233e-4	-0.5009227564439738	TRUE	794	64	0.2895420240941265
ENSG00000198492	chr1:28883448-28884276	367	43617	TRUE	7.249600848174043e-4	-0.4319642050118896	TRUE	794	64	0.6081657525898843
ENSG00000116350	chr1:28883448-28884276	550	66118	TRUE	0.0012	-0.42328476844560625	TRUE	794	64	1.2021844091313927
ENSG00000126698	chr1:28883448-28884276	671	81443	TRUE	0.001435542624546999	-0.31723472775560035	TRUE	794	64	2.092757699339052
ENSG00000158161	chr1:28883448-28884276	126	16051	TRUE	0.0038371380403560765	-0.5163571884473215	TRUE	794	64	0.17926217597149954
ENSG00000204138	chr1:28883448-28884276	156	18165	TRUE	0.01257342060868058	-0.4232876040463549	TRUE	794	64	0.20273754277410586
ENSG00000120656	chr1:28883448-28884276	347	43853	TRUE	0.032	-0.2473855924731455	TRUE	794	64	0.6082876294942109
ENSG00000180098	chr1:28883448-28884276	146	16847	TRUE	0.116	-0.34220213012163914	FALSE	794	64	0.1849341395959312
ENSG00000180198	chr1:28883448-28884276	310	35894	TRUE	0.196	-0.3342126592778042	FALSE	794	64	0.47475741808465755
ENSG00000197989	chr1:28883448-28884276	206	20548	TRUE	0.236	-0.3723160668111949	FALSE	794	64	0.24450382037219331
ENSG00000130772	chr1:28883448-28884276	56	5304	TRUE	0.32	-0.3681618659534944	FALSE	794	64	0.05356958702479726
ENSG00000162419	chr1:28883448-28884276	39	5472	TRUE	0.524	-0.26153212103653445	FALSE	794	64	0.05565086954483664
ENSG00000117748	chr1:28883448-28884276	485	57810	TRUE	0.608	-0.14297183596909774	FALSE	794	64	0.935658369662026
ENSG00000228589	chr1:28883448-28884276	17	1508	TRUE	0.744	-0.20107426168105835	FALSE	794	64	0.015272113626775418
ENSG00000270605	chr1:28883448-28884276	30	4662	TRUE	0.832	0.07130418690178164	FALSE	794	64	0.04706323536305255
ENSG00000240750	chr1:28883448-28884276	12	1490	TRUE	0.972	-0.04484156098197101	FALSE	794	64	0.014597103079735621
ENSG00000130770	chr1:28883448-28884276	790	101767	TRUE	5.7931972727168054e-31	-0.512509381991189	TRUE	794	65	10.547480429381709
ENSG00000242125	chr1:28883448-28884276	777	98302	TRUE	9.200809133241379e-10	-0.3567673095723829	TRUE	794	65	5.561055641494399
ENSG00000198492	chr1:28883448-28884276	367	43617	TRUE	2.326735207816208e-9	-0.6597231360981531	TRUE	794	65	0.6081657525898843
ENSG00000117748	chr1:28883448-28884276	485	57810	TRUE	3.603327659241298e-7	-0.45015334548727387	TRUE	794	65	0.935658369662026
ENSG00000126698	chr1:28883448-28884276	671	81443	TRUE	1.8522073505723084e-6	-0.3888204194612144	TRUE	794	65	2.092757699339052
ENSG00000130766	chr1:28883448-28884276	97	13053	TRUE	2.2865368283168583e-4	-0.5818896744380857	TRUE	794	65	0.14614915858060282
ENSG00000116350	chr1:28883448-28884276	550	66118	TRUE	4e-4	-0.5838521857189005	TRUE	794	65	1.2021844091313927
ENSG00000159023	chr1:28883448-28884276	309	48040	TRUE	6.855322914159556e-4	-0.39996647839645294	TRUE	794	65	0.6829981718464351
ENSG00000180098	chr1:28883448-28884276	146	16847	TRUE	0.0012390066741883622	-0.538122340096896	TRUE	794	65	0.1849341395959312
ENSG00000180198	chr1:28883448-28884276	310	35894	TRUE	0.0064268132527781525	-0.4548663983651532	TRUE	794	65	0.47475741808465755
ENSG00000158161	chr1:28883448-28884276	126	16051	TRUE	0.0065574809958639235	-0.47646446132380893	TRUE	794	65	0.17926217597149954
ENSG00000204138	chr1:28883448-28884276	156	18165	TRUE	0.028	-0.45697073030264335	TRUE	794	65	0.20273754277410586
ENSG00000162419	chr1:28883448-28884276	39	5472	TRUE	0.048	-0.5834602159238971	TRUE	794	65	0.05565086954483664
ENSG00000130772	chr1:28883448-28884276	56	5304	TRUE	0.064	-0.6234189211955687	TRUE	794	65	0.05356958702479726
ENSG00000116353	chr1:28883448-28884276	222	24831	TRUE	0.108	-0.2586469107769771	FALSE	794	65	0.2895420240941265
ENSG00000270605	chr1:28883448-28884276	30	4662	TRUE	0.112	-0.3437333123770623	FALSE	794	65	0.04706323536305255
ENSG00000120656	chr1:28883448-28884276	347	43853	TRUE	0.268	-0.19869609955855638	FALSE	794	65	0.6082876294942109
ENSG00000197989	chr1:28883448-28884276	206	20548	TRUE	0.404	-0.3157325384448275	FALSE	794	65	0.24450382037219331
ENSG00000228589	chr1:28883448-28884276	17	1508	TRUE	0.568	0.03993383782273696	FALSE	794	65	0.015272113626775418
ENSG00000240750	chr1:28883448-28884276	12	1490	TRUE	0.576	-0.45987906026081404	FALSE	794	65	0.014597103079735621
ENSG00000130770	chr1:28883448-28884276	790	101767	TRUE	7.32694237252174e-13	-0.3585626486995097	TRUE	794	66	10.547480429381709
ENSG00000117748	chr1:28883448-28884276	485	57810	TRUE	7.949378691525886e-13	-0.5672616484861379	TRUE	794	66	0.935658369662026
ENSG00000242125	chr1:28883448-28884276	777	98302	TRUE	4.555204995737683e-9	-0.31616848658469277	TRUE	794	66	5.561055641494399
ENSG00000116353	chr1:28883448-28884276	222	24831	TRUE	2.4817285433608935e-5	-0.5512544319941179	TRUE	794	66	0.2895420240941265
ENSG00000116350	chr1:28883448-28884276	550	66118	TRUE	4.6297219039307357e-5	-0.4515046420930645	TRUE	794	66	1.2021844091313927
ENSG00000120656	chr1:28883448-28884276	347	43853	TRUE	2.8697528971126027e-4	-0.382250441430095	TRUE	794	66	0.6082876294942109
ENSG00000198492	chr1:28883448-28884276	367	43617	TRUE	7.876337059671704e-4	-0.439123996584756	TRUE	794	66	0.6081657525898843
ENSG00000204138	chr1:28883448-28884276	156	18165	TRUE	0.001954285013481445	-0.514918079511923	TRUE	794	66	0.20273754277410586
ENSG00000126698	chr1:28883448-28884276	671	81443	TRUE	0.00239919112448515	-0.3355274024421647	TRUE	794	66	2.092757699339052
ENSG00000159023	chr1:28883448-28884276	309	48040	TRUE	0.002640643776916269	-0.38436962334543445	TRUE	794	66	0.6829981718464351
ENSG00000180098	chr1:28883448-28884276	146	16847	TRUE	0.01700678771510178	-0.43683900425971434	TRUE	794	66	0.1849341395959312
ENSG00000180198	chr1:28883448-28884276	310	35894	TRUE	0.036	-0.4149736712416404	TRUE	794	66	0.47475741808465755
ENSG00000158161	chr1:28883448-28884276	126	16051	TRUE	0.04	-0.3751811254866273	TRUE	794	66	0.17926217597149954
ENSG00000162419	chr1:28883448-28884276	39	5472	TRUE	0.06	-0.5834602159238971	TRUE	794	66	0.05565086954483664
ENSG00000228589	chr1:28883448-28884276	17	1508	TRUE	0.128	-0.853150958260751	FALSE	794	66	0.015272113626775418
ENSG00000270605	chr1:28883448-28884276	30	4662	TRUE	0.556	-0.05422669518207801	FALSE	794	66	0.04706323536305255
ENSG00000130772	chr1:28883448-28884276	56	5304	TRUE	0.564	-0.05405327552543149	FALSE	794	66	0.05356958702479726
ENSG00000197989	chr1:28883448-28884276	206	20548	TRUE	0.588	-0.3157325384448275	FALSE	794	66	0.24450382037219331
ENSG00000130766	chr1:28883448-28884276	97	13053	TRUE	0.688	-0.06731650160832725	FALSE	794	66	0.14614915858060282
ENSG00000240750	chr1:28883448-28884276	12	1490	TRUE	0.936	-0.04484156098197101	FALSE	794	66	0.014597103079735621
ENSG00000130770	chr1:28883448-28884276	790	101767	TRUE	5.70053230900058e-27	-0.4911592861450438	TRUE	794	67	10.547480429381709
ENSG00000242125	chr1:28883448-28884276	777	98302	TRUE	7.249931692617477e-6	-0.27631352684140653	TRUE	794	67	5.561055641494399
ENSG00000126698	chr1:28883448-28884276	671	81443	TRUE	1.5363048485415517e-4	-0.35307390976943454	TRUE	794	67	2.092757699339052
ENSG00000117748	chr1:28883448-28884276	485	57810	TRUE	3.086233474120506e-4	-0.34866280030813607	TRUE	794	67	0.935658369662026
ENSG00000116350	chr1:28883448-28884276	550	66118	TRUE	4e-4	-0.44085739789355594	TRUE	794	67	1.2021844091313927
ENSG00000197989	chr1:28883448-28884276	206	20548	TRUE	0.01691249198768499	-0.5289064297518964	TRUE	794	67	0.24450382037219331
ENSG00000120656	chr1:28883448-28884276	347	43853	TRUE	0.024	-0.3253881044744187	TRUE	794	67	0.6082876294942109
ENSG00000180198	chr1:28883448-28884276	310	35894	TRUE	0.024	-0.4193521117522149	TRUE	794	67	0.47475741808465755
ENSG00000116353	chr1:28883448-28884276	222	24831	TRUE	0.028	-0.38227825994535447	TRUE	794	67	0.2895420240941265
ENSG00000180098	chr1:28883448-28884276	146	16847	TRUE	0.04	-0.3887447160586692	TRUE	794	67	0.1849341395959312
ENSG00000198492	chr1:28883448-28884276	367	43617	TRUE	0.048	-0.31538862816251123	TRUE	794	67	0.6081657525898843
ENSG00000130766	chr1:28883448-28884276	97	13053	TRUE	0.052	-0.3251142590759737	TRUE	794	67	0.14614915858060282
ENSG00000204138	chr1:28883448-28884276	156	18165	TRUE	0.076	-0.33713096029664014	FALSE	794	67	0.20273754277410586
ENSG00000228589	chr1:28883448-28884276	17	1508	TRUE	0.08	-1.0755433795971996	FALSE	794	67	0.015272113626775418
ENSG00000158161	chr1:28883448-28884276	126	16051	TRUE	0.088	-0.3751811254866273	FALSE	794	67	0.17926217597149954
ENSG00000159023	chr1:28883448-28884276	309	48040	TRUE	0.148	-0.2739129753900562	FALSE	794	67	0.6829981718464351
ENSG00000240750	chr1:28883448-28884276	12	1490	TRUE	0.324	-0.6298040617031271	FALSE	794	67	0.014597103079735621
ENSG00000270605	chr1:28883448-28884276	30	4662	TRUE	0.548	-0.05422669518207801	FALSE	794	67	0.04706323536305255
ENSG00000130772	chr1:28883448-28884276	56	5304	TRUE	0.576	-0.29221301272019584	FALSE	794	67	0.05356958702479726
ENSG00000162419	chr1:28883448-28884276	39	5472	TRUE	0.8	-0.19114279314513638	FALSE	794	67	0.05565086954483664
ENSG00000130770	chr1:28883448-28884276	790	101767	TRUE	3.292499649668614e-36	-0.6019471262454887	TRUE	794	68	10.547480429381709
ENSG00000242125	chr1:28883448-28884276	777	98302	TRUE	2.022649507129784e-14	-0.4013435253175235	TRUE	794	68	5.561055641494399
ENSG00000126698	chr1:28883448-28884276	671	81443	TRUE	2.5522932463689993e-7	-0.4275391356148015	TRUE	794	68	2.092757699339052
ENSG00000198492	chr1:28883448-28884276	367	43617	TRUE	9.978621721759475e-6	-0.5165285002703625	TRUE	794	68	0.6081657525898843
ENSG00000116350	chr1:28883448-28884276	550	66118	TRUE	0.0020652457890909526	-0.3870645805328529	TRUE	794	68	1.2021844091313927
ENSG00000117748	chr1:28883448-28884276	485	57810	TRUE	0.029066079547011653	-0.2645555335362938	TRUE	794	68	0.935658369662026
ENSG00000228589	chr1:28883448-28884276	17	1508	TRUE	0.048	-1.0755433795971996	FALSE	794	68	0.015272113626775418
ENSG00000120656	chr1:28883448-28884276	347	43853	TRUE	0.052	-0.2573238295292646	FALSE	794	68	0.6082876294942109
ENSG00000159023	chr1:28883448-28884276	309	48040	TRUE	0.064	-0.2739129753900562	FALSE	794	68	0.6829981718464351
ENSG00000158161	chr1:28883448-28884276	126	16051	TRUE	0.068	-0.31530966950922856	FALSE	794	68	0.17926217597149954
ENSG00000116353	chr1:28883448-28884276	222	24831	TRUE	0.076	-0.3082776785015777	FALSE	794	68	0.2895420240941265
ENSG00000162419	chr1:28883448-28884276	39	5472	TRUE	0.084	-0.5834602159238971	FALSE	794	68	0.05565086954483664
ENSG00000270605	chr1:28883448-28884276	30	4662	TRUE	0.128	-0.2912658924829268	FALSE	794	68	0.04706323536305255
ENSG00000197989	chr1:28883448-28884276	206	20548	TRUE	0.172	-0.38889895100679883	FALSE	794	68	0.24450382037219331
ENSG00000204138	chr1:28883448-28884276	156	18165	TRUE	0.184	-0.2959082975701275	FALSE	794	68	0.20273754277410586
ENSG00000180198	chr1:28883448-28884276	310	35894	TRUE	0.204	-0.3550311307853583	FALSE	794	68	0.47475741808465755
ENSG00000180098	chr1:28883448-28884276	146	16847	TRUE	0.396	-0.23201921237121592	FALSE	794	68	0.1849341395959312
ENSG00000130766	chr1:28883448-28884276	97	13053	TRUE	0.416	-0.09378871296951807	FALSE	794	68	0.14614915858060282
ENSG00000130772	chr1:28883448-28884276	56	5304	TRUE	0.536	-0.29221301272019584	FALSE	794	68	0.05356958702479726
ENSG00000240750	chr1:28883448-28884276	12	1490	TRUE	0.764	-0.30787596681576446	FALSE	794	68	0.014597103079735621
ENSG00000242125	chr1:28883448-28884276	777	98302	TRUE	4.905651067321221e-20	-0.46230866032884865	TRUE	794	69	5.561055641494399
ENSG00000130770	chr1:28883448-28884276	790	101767	TRUE	1.3993245587254137e-12	-0.35138249503325314	TRUE	794	69	10.547480429381709
ENSG00000126698	chr1:28883448-28884276	671	81443	TRUE	1.0763306244095043e-8	-0.4493906863221666	TRUE	794	69	2.092757699339052
ENSG00000198492	chr1:28883448-28884276	367	43617	TRUE	5.2065604685910295e-6	-0.5089751058387274	TRUE	794	69	0.6081657525898843
ENSG00000116350	chr1:28883448-28884276	550	66118	TRUE	1.271330728511041e-5	-0.4694265500903268	TRUE	794	69	1.2021844091313927
ENSG00000130772	chr1:28883448-28884276	56	5304	TRUE	0.0011228339317824049	-1.0540532755254315	TRUE	794	69	0.05356958702479726
ENSG00000204138	chr1:28883448-28884276	156	18165	TRUE	0.0025863966019313497	-0.5031409117355694	TRUE	794	69	0.20273754277410586
ENSG00000180198	chr1:28883448-28884276	310	35894	TRUE	0.004028439957515201	-0.47751513731035333	TRUE	794	69	0.47475741808465755
ENSG00000117748	chr1:28883448-28884276	485	57810	TRUE	0.004114802776643031	-0.30821075657084185	TRUE	794	69	0.935658369662026
ENSG00000159023	chr1:28883448-28884276	309	48040	TRUE	0.005696845179310093	-0.35976015600143296	TRUE	794	69	0.6829981718464351
ENSG00000158161	chr1:28883448-28884276	126	16051	TRUE	0.010082470505959756	-0.47646446132380893	TRUE	794	69	0.17926217597149954
ENSG00000180098	chr1:28883448-28884276	146	16847	TRUE	0.02393980283786004	-0.43683900425971434	TRUE	794	69	0.1849341395959312
ENSG00000120656	chr1:28883448-28884276	347	43853	TRUE	0.028	-0.2606518472470192	TRUE	794	69	0.6082876294942109
ENSG00000130766	chr1:28883448-28884276	97	13053	TRUE	0.096	-0.26371371441183067	FALSE	794	69	0.14614915858060282
ENSG00000197989	chr1:28883448-28884276	206	20548	TRUE	0.116	-0.4141362425058217	FALSE	794	69	0.24450382037219331
ENSG00000116353	chr1:28883448-28884276	222	24831	TRUE	0.168	-0.27265376877085656	FALSE	794	69	0.2895420240941265
ENSG00000270605	chr1:28883448-28884276	30	4662	TRUE	0.288	-0.1917302189320127	FALSE	794	69	0.04706323536305255
ENSG00000240750	chr1:28883448-28884276	12	1490	TRUE	0.416	-0.45987906026081404	FALSE	794	69	0.014597103079735621
ENSG00000162419	chr1:28883448-28884276	39	5472	TRUE	0.692	-0.05989825986688402	FALSE	794	69	0.05565086954483664
ENSG00000228589	chr1:28883448-28884276	17	1508	TRUE	0.932	-0.07554337959719959	FALSE	794	69	0.015272113626775418
ENSG00000198492	chr1:28883448-28884276	367	43617	TRUE	7.534090200144702e-10	-0.6597231360981531	TRUE	794	70	0.6081657525898843
ENSG00000159023	chr1:28883448-28884276	309	48040	TRUE	2.74067283276821e-7	-0.5450168111997362	TRUE	794	70	0.6829981718464351
ENSG00000116350	chr1:28883448-28884276	550	66118	TRUE	1.676547621874153e-6	-0.4985728957498432	TRUE	794	70	1.2021844091313927
ENSG00000242125	chr1:28883448-28884276	777	98302	TRUE	8.438068656810532e-6	-0.27411093856489277	TRUE	794	70	5.561055641494399
ENSG00000130770	chr1:28883448-28884276	790	101767	TRUE	8.608966529009777e-6	-0.2669321732339416	TRUE	794	70	10.547480429381709
ENSG00000120656	chr1:28883448-28884276	347	43853	TRUE	1.0215178016296719e-4	-0.39682324251736767	TRUE	794	70	0.6082876294942109
ENSG00000204138	chr1:28883448-28884276	156	18165	TRUE	0.012824021947652142	-0.4232876040463549	TRUE	794	70	0.20273754277410586
ENSG00000158161	chr1:28883448-28884276	126	16051	TRUE	0.026391327410407547	-0.43764521243328103	TRUE	794	70	0.17926217597149954
ENSG00000130766	chr1:28883448-28884276	97	13053	TRUE	0.052	-0.26371371441183067	FALSE	794	70	0.14614915858060282
ENSG00000117748	chr1:28883448-28884276	485	57810	TRUE	0.08	-0.22427193807094592	FALSE	794	70	0.935658369662026
ENSG00000197989	chr1:28883448-28884276	206	20548	TRUE	0.092	-0.4312097558647632	FALSE	794	70	0.24450382037219331
ENSG00000126698	chr1:28883448-28884276	671	81443	TRUE	0.104	-0.245388315997495	FALSE	794	70	2.092757699339052
ENSG00000180098	chr1:28883448-28884276	146	16847	TRUE	0.112	-0.31948205362155546	FALSE	794	70	0.1849341395959312
ENSG00000180198	chr1:28883448-28884276	310	35894	TRUE	0.112	-0.36766795646328376	FALSE	794	70	0.47475741808465755
ENSG00000116353	chr1:28883448-28884276	222	24831	TRUE	0.148	-0.27265376877085656	FALSE	794	70	0.2895420240941265
ENSG00000162419	chr1:28883448-28884276	39	5472	TRUE	0.152	-0.4541771989789307	FALSE	794	70	0.05565086954483664
ENSG00000270605	chr1:28883448-28884276	30	4662	TRUE	0.34	-0.0986208145405314	FALSE	794	70	0.04706323536305255
ENSG00000240750	chr1:28883448-28884276	12	1490	TRUE	0.828	-0.17037244306582977	FALSE	794	70	0.014597103079735621
ENSG00000228589	chr1:28883448-28884276	17	1508	TRUE	0.856	-0.07554337959719959	FALSE	794	70	0.015272113626775418
ENSG00000130772	chr1:28883448-28884276	56	5304	TRUE	0.876	-0.11818361294514723	FALSE	794	70	0.05356958702479726
ENSG00000126698	chr1:28883448-28884276	671	81443	TRUE	1.2985559877862693e-13	-0.5402650863303395	TRUE	794	71	2.092757699339052
ENSG00000130770	chr1:28883448-28884276	790	101767	TRUE	4.309973797982856e-8	-0.28988816118698857	TRUE	794	71	10.547480429381709
ENSG00000159023	chr1:28883448-28884276	309	48040	TRUE	3.1334290449518544e-7	-0.5346500956414767	TRUE	794	71	0.6829981718464351
ENSG00000242125	chr1:28883448-28884276	777	98302	TRUE	9.066053409261833e-7	-0.29815333003096267	TRUE	794	71	5.561055641494399
ENSG00000117748	chr1:28883448-28884276	485	57810	TRUE	2.6550860880552793e-5	-0.3786000844622398	TRUE	794	71	0.935658369662026
ENSG00000158161	chr1:28883448-28884276	126	16051	TRUE	0.005747899154378129	-0.5299037202852692	TRUE	794	71	0.17926217597149954
ENSG00000180198	chr1:28883448-28884276	310	35894	TRUE	0.0074189612912451824	-0.46841293020310093	TRUE	794	71	0.47475741808465755
ENSG00000116353	chr1:28883448-28884276	222	24831	TRUE	0.008298158217994879	-0.3898914440552299	TRUE	794	71	0.2895420240941265
ENSG00000120656	chr1:28883448-28884276	347	43853	TRUE	0.011568411062810521	-0.2875560309486799	TRUE	794	71	0.6082876294942109
ENSG00000270605	chr1:28883448-28884276	30	4662	TRUE	0.01430769451569347	-0.5750588584835183	TRUE	794	71	0.04706323536305255
ENSG00000116350	chr1:28883448-28884276	550	66118	TRUE	0.0144	-0.3567264173409645	TRUE	794	71	1.2021844091313927
ENSG00000204138	chr1:28883448-28884276	156	18165	TRUE	0.016691892823179413	-0.37956622661703676	TRUE	794	71	0.20273754277410586
ENSG00000228589	chr1:28883448-28884276	17	1508	TRUE	0.048	-1.0755433795971996	TRUE	794	71	0.015272113626775418
ENSG00000130766	chr1:28883448-28884276	97	13053	TRUE	0.092	-0.2339663710177784	FALSE	794	71	0.14614915858060282
ENSG00000198492	chr1:28883448-28884276	367	43617	TRUE	0.2	-0.2668084477174495	FALSE	794	71	0.6081657525898843
ENSG00000162419	chr1:28883448-28884276	39	5472	TRUE	0.36	-0.335532702480311	FALSE	794	71	0.05565086954483664
ENSG00000197989	chr1:28883448-28884276	206	20548	TRUE	0.596	-0.276632718755887	FALSE	794	71	0.24450382037219331
ENSG00000180098	chr1:28883448-28884276	146	16847	TRUE	0.784	-0.16973493411687368	FALSE	794	71	0.1849341395959312
ENSG00000130772	chr1:28883448-28884276	56	5304	TRUE	0.896	-0.15135047688034575	FALSE	794	71	0.05356958702479726
ENSG00000240750	chr1:28883448-28884276	12	1490	TRUE	0.948	-0.17037244306582977	FALSE	794	71	0.014597103079735621
ENSG00000130770	chr1:28883448-28884276	790	101767	TRUE	2.2469187988040136e-15	-0.3882757160683079	TRUE	794	72	10.547480429381709
ENSG00000198492	chr1:28883448-28884276	367	43617	TRUE	4.203965307827636e-9	-0.622570137680687	TRUE	794	72	0.6081657525898843
ENSG00000242125	chr1:28883448-28884276	777	98302	TRUE	5.433293561352819e-9	-0.3298290361684084	TRUE	794	72	5.561055641494399
ENSG00000126698	chr1:28883448-28884276	671	81443	TRUE	3.2573466978437385e-4	-0.3520934849672517	TRUE	794	72	2.092757699339052
ENSG00000117748	chr1:28883448-28884276	485	57810	TRUE	0.0018859440854012595	-0.31487448685185265	TRUE	794	72	0.935658369662026
ENSG00000180198	chr1:28883448-28884276	310	35894	TRUE	0.0021273276157473264	-0.4820878671001775	TRUE	794	72	0.47475741808465755
ENSG00000159023	chr1:28883448-28884276	309	48040	TRUE	0.005495815606694376	-0.36587327972804495	TRUE	794	72	0.6829981718464351
ENSG00000180098	chr1:28883448-28884276	146	16847	TRUE	0.01058844000657147	-0.4739920026771802	TRUE	794	72	0.1849341395959312
ENSG00000204138	chr1:28883448-28884276	156	18165	TRUE	0.014235733034984765	-0.4122324155373591	TRUE	794	72	0.20273754277410586
ENSG00000116350	chr1:28883448-28884276	550	66118	TRUE	0.052	-0.3434448962356116	FALSE	794	72	1.2021844091313927
ENSG00000120656	chr1:28883448-28884276	347	43853	TRUE	0.056	-0.25069073719681767	FALSE	794	72	0.6082876294942109
ENSG00000270605	chr1:28883448-28884276	30	4662	TRUE	0.088	-0.39818109639943877	FALSE	794	72	0.04706323536305255
ENSG00000116353	chr1:28883448-28884276	222	24831	TRUE	0.128	-0.23788835061017966	FALSE	794	72	0.2895420240941265
ENSG00000228589	chr1:28883448-28884276	17	1508	TRUE	0.252	-0.6605058803183557	FALSE	794	72	0.015272113626775418
ENSG00000197989	chr1:28883448-28884276	206	20548	TRUE	0.352	-0.33971140137926703	FALSE	794	72	0.24450382037219331
ENSG00000130772	chr1:28883448-28884276	56	5304	TRUE	0.416	0.007347269138711532	FALSE	794	72	0.05356958702479726
ENSG00000162419	chr1:28883448-28884276	39	5472	TRUE	0.572	-0.29805799706164837	FALSE	794	72	0.05565086954483664
ENSG00000130766	chr1:28883448-28884276	97	13053	TRUE	0.648	-0.054260348782880996	FALSE	794	72	0.14614915858060282
ENSG00000240750	chr1:28883448-28884276	12	1490	TRUE	0.76	-0.17037244306582977	FALSE	794	72	0.014597103079735621
ENSG00000158161	chr1:28883448-28884276	126	16051	TRUE	0.936	-0.12854115790350207	FALSE	794	72	0.17926217597149954
ENSG00000130770	chr1:28883448-28884276	790	101767	TRUE	3.2439832389616095e-23	-0.4561898981073127	TRUE	794	73	10.547480429381709
ENSG00000116350	chr1:28883448-28884276	550	66118	TRUE	3.475615840839102e-11	-0.6154309029139338	TRUE	794	73	1.2021844091313927
ENSG00000126698	chr1:28883448-28884276	671	81443	TRUE	1.0259088961567318e-9	-0.49627707395300247	TRUE	794	73	2.092757699339052
ENSG00000159023	chr1:28883448-28884276	309	48040	TRUE	1.214800486347691e-7	-0.5450168111997362	TRUE	794	73	0.6829981718464351
ENSG00000117748	chr1:28883448-28884276	485	57810	TRUE	3.5082101320613223e-6	-0.4067969762928919	TRUE	794	73	0.935658369662026
ENSG00000130766	chr1:28883448-28884276	97	13053	TRUE	6.354766233692029e-6	-0.7401517583548176	TRUE	794	73	0.14614915858060282
ENSG00000242125	chr1:28883448-28884276	777	98302	TRUE	2.7761364886122464e-5	-0.2544375195104731	TRUE	794	73	5.561055641494399
ENSG00000198492	chr1:28883448-28884276	367	43617	TRUE	0.0020222324600770725	-0.3897359696225925	TRUE	794	73	0.6081657525898843
ENSG00000116353	chr1:28883448-28884276	222	24831	TRUE	0.0022821549241979697	-0.43643402999226	TRUE	794	73	0.2895420240941265
ENSG00000180198	chr1:28883448-28884276	310	35894	TRUE	0.008713932332601367	-0.43699997757163944	TRUE	794	73	0.47475741808465755
ENSG00000158161	chr1:28883448-28884276	126	16051	TRUE	0.076	-0.3874594552650641	FALSE	794	73	0.17926217597149954
ENSG00000130772	chr1:28883448-28884276	56	5304	TRUE	0.096	-0.5332211122239912	FALSE	794	73	0.05356958702479726
ENSG00000162419	chr1:28883448-28884276	39	5472	TRUE	0.12	-0.5390660965654437	FALSE	794	73	0.05565086954483664
ENSG00000204138	chr1:28883448-28884276	156	18165	TRUE	0.176	-0.2959082975701275	FALSE	794	73	0.20273754277410586
ENSG00000197989	chr1:28883448-28884276	206	20548	TRUE	0.28	-0.33971140137926703	FALSE	794	73	0.24450382037219331
ENSG00000180098	chr1:28883448-28884276	146	16847	TRUE	0.384	-0.034079834759307204	FALSE	794	73	0.1849341395959312
ENSG00000270605	chr1:28883448-28884276	30	4662	TRUE	0.424	-0.0986208145405314	FALSE	794	73	0.04706323536305255
ENSG00000120656	chr1:28883448-28884276	347	43853	TRUE	0.492	-0.1608940668461719	FALSE	794	73	0.6082876294942109
ENSG00000240750	chr1:28883448-28884276	12	1490	TRUE	0.632	-0.45987906026081404	FALSE	794	73	0.014597103079735621
ENSG00000228589	chr1:28883448-28884276	17	1508	TRUE	0.872	0.03993383782273696	FALSE	794	73	0.015272113626775418
ENSG00000242125	chr1:28883448-28884276	777	98302	TRUE	2.5157820382184483e-14	-0.4158390481765535	TRUE	794	74	5.561055641494399
ENSG00000120656	chr1:28883448-28884276	347	43853	TRUE	2.1567073834453896e-10	-0.6351707694996918	TRUE	794	74	0.6082876294942109
ENSG00000130770	chr1:28883448-28884276	790	101767	TRUE	2.8448566441764996e-6	-0.2667391834616133	TRUE	794	74	10.547480429381709
ENSG00000126698	chr1:28883448-28884276	671	81443	TRUE	6.409514990093795e-6	-0.4009354944977822	TRUE	794	74	2.092757699339052
ENSG00000197989	chr1:28883448-28884276	206	20548	TRUE	1.3896962102091792e-5	-0.77913305928507	TRUE	794	74	0.24450382037219331
ENSG00000116350	chr1:28883448-28884276	550	66118	TRUE	3.3512036859644607e-4	-0.43028815618336863	TRUE	794	74	1.2021844091313927
ENSG00000228589	chr1:28883448-28884276	17	1508	TRUE	0.0016025057736061	-2.0755433795971987	TRUE	794	74	0.015272113626775418
ENSG00000180098	chr1:28883448-28884276	146	16847	TRUE	0.0018534106915278972	-0.5645945514580868	TRUE	794	74	0.1849341395959312
ENSG00000198492	chr1:28883448-28884276	367	43617	TRUE	0.024	-0.3656618346437347	TRUE	794	74	0.6081657525898843
ENSG00000117748	chr1:28883448-28884276	485	57810	TRUE	0.056	-0.23687197485057954	FALSE	794	74	0.935658369662026
ENSG00000180198	chr1:28883448-28884276	310	35894	TRUE	0.06	-0.38897846270869596	FALSE	794	74	0.47475741808465755
ENSG00000116353	chr1:28883448-28884276	222	24831	TRUE	0.088	-0.27265376877085656	FALSE	794	74	0.2895420240941265
ENSG00000130766	chr1:28883448-28884276	97	13053	TRUE	0.12	-0.24876337294585937	FALSE	794	74	0.14614915858060282
ENSG00000158161	chr1:28883448-28884276	126	16051	TRUE	0.132	-0.3509335792399497	FALSE	794	74	0.17926217597149954
ENSG00000130772	chr1:28883448-28884276	56	5304	TRUE	0.372	-0.3681618659534944	FALSE	794	74	0.05356958702479726
ENSG00000204138	chr1:28883448-28884276	156	18165	TRUE	0.472	-0.2264868966126481	FALSE	794	74	0.20273754277410586
ENSG00000270605	chr1:28883448-28884276	30	4662	TRUE	0.48	-0.05422669518207801	FALSE	794	74	0.04706323536305255
ENSG00000162419	chr1:28883448-28884276	39	5472	TRUE	0.576	-0.26153212103653445	FALSE	794	74	0.05565086954483664
ENSG00000159023	chr1:28883448-28884276	309	48040	TRUE	0.704	-0.18476059765327446	FALSE	794	74	0.6829981718464351
ENSG00000240750	chr1:28883448-28884276	12	1490	TRUE	0.736	-0.30787596681576446	FALSE	794	74	0.014597103079735621
ENSG00000130770	chr1:28883448-28884276	790	101767	TRUE	1.8346446628611214e-7	-0.28577596351195256	TRUE	794	75	10.547480429381709
ENSG00000126698	chr1:28883448-28884276	671	81443	TRUE	4.747129748688505e-6	-0.39385600935851284	TRUE	794	75	2.092757699339052
ENSG00000242125	chr1:28883448-28884276	777	98302	TRUE	6.212251667842179e-6	-0.26205644727895594	TRUE	794	75	5.561055641494399
ENSG00000116350	chr1:28883448-28884276	550	66118	TRUE	1.2921129554338791e-5	-0.464026562347737	TRUE	794	75	1.2021844091313927
ENSG00000120656	chr1:28883448-28884276	347	43853	TRUE	8.019180413148825e-5	-0.4264180247056635	TRUE	794	75	0.6082876294942109
ENSG00000180098	chr1:28883448-28884276	146	16847	TRUE	3.439029717496496e-4	-0.5915615990583563	TRUE	794	75	0.1849341395959312
ENSG00000198492	chr1:28883448-28884276	367	43617	TRUE	9.273799960826962e-4	-0.4283975899916975	TRUE	794	75	0.6081657525898843
ENSG00000180198	chr1:28883448-28884276	310	35894	TRUE	0.0030747216066174046	-0.47751513731035333	TRUE	794	75	0.47475741808465755
ENSG00000130766	chr1:28883448-28884276	97	13053	TRUE	0.0076710366738794444	-0.38924459649568943	TRUE	794	75	0.14614915858060282
ENSG00000159023	chr1:28883448-28884276	309	48040	TRUE	0.008503759268984917	-0.3476110733353166	TRUE	794	75	0.6829981718464351
ENSG00000117748	chr1:28883448-28884276	485	57810	TRUE	0.015253341552689731	-0.2645555335362938	TRUE	794	75	0.935658369662026
ENSG00000162419	chr1:28883448-28884276	39	5472	TRUE	0.028	-0.6765696203153784	TRUE	794	75	0.05565086954483664
ENSG00000270605	chr1:28883448-28884276	30	4662	TRUE	0.132	-0.3437333123770623	FALSE	794	75	0.04706323536305255
ENSG00000228589	chr1:28883448-28884276	17	1508	TRUE	0.264	-0.4905808788760426	FALSE	794	75	0.015272113626775418
ENSG00000204138	chr1:28883448-28884276	156	18165	TRUE	0.344	-0.20725067774973072	FALSE	794	75	0.20273754277410586
ENSG00000130772	chr1:28883448-28884276	56	5304	TRUE	0.476	-0.023026379904806937	FALSE	794	75	0.05356958702479726
ENSG00000240750	chr1:28883448-28884276	12	1490	TRUE	0.484	-0.45987906026081404	FALSE	794	75	0.014597103079735621
ENSG00000158161	chr1:28883448-28884276	126	16051	TRUE	0.524	-0.20254173934727904	FALSE	794	75	0.17926217597149954
ENSG00000116353	chr1:28883448-28884276	222	24831	TRUE	0.544	-0.190582635831823	FALSE	794	75	0.2895420240941265
ENSG00000197989	chr1:28883448-28884276	206	20548	TRUE	0.908	-0.26893832696588627	FALSE	794	75	0.24450382037219331
ENSG00000242125	chr1:28883448-28884276	777	98302	TRUE	2.3036566418508285e-16	-0.44032668060981806	TRUE	794	76	5.561055641494399
ENSG00000126698	chr1:28883448-28884276	671	81443	TRUE	1.2716420873063858e-7	-0.4337487364820256	TRUE	794	76	2.092757699339052
ENSG00000116350	chr1:28883448-28884276	550	66118	TRUE	1.1881161656906438e-5	-0.4694265500903268	TRUE	794	76	1.2021844091313927
ENSG00000198492	chr1:28883448-28884276	367	43617	TRUE	8.759212782855075e-5	-0.471790185505078	TRUE	794	76	0.6081657525898843
ENSG00000180098	chr1:28883448-28884276	146	16847	TRUE	5.327497614473712e-4	-0.6190423354804633	TRUE	794	76	0.1849341395959312
ENSG00000130770	chr1:28883448-28884276	790	101767	TRUE	6.456424657166424e-4	-0.22115260915766788	TRUE	794	76	10.547480429381709
ENSG00000180198	chr1:28883448-28884276	310	35894	TRUE	0.0013292092360752093	-0.5098328575830816	TRUE	794	76	0.47475741808465755
ENSG00000117748	chr1:28883448-28884276	485	57810	TRUE	0.001908410973857775	-0.3215691394258609	TRUE	794	76	0.935658369662026
ENSG00000159023	chr1:28883448-28884276	309	48040	TRUE	0.008969133900993423	-0.3295771505050552	TRUE	794	76	0.6829981718464351
ENSG00000116353	chr1:28883448-28884276	222	24831	TRUE	0.024	-0.35222102608917494	TRUE	794	76	0.2895420240941265
ENSG00000120656	chr1:28883448-28884276	347	43853	TRUE	0.032	-0.2706822123842838	TRUE	794	76	0.6082876294942109
ENSG00000130766	chr1:28883448-28884276	97	13053	TRUE	0.084	-0.26371371441183067	FALSE	794	76	0.14614915858060282
ENSG00000204138	chr1:28883448-28884276	156	18165	TRUE	0.112	-0.3163724001298429	FALSE	794	76	0.20273754277410586
ENSG00000197989	chr1:28883448-28884276	206	20548	TRUE	0.176	-0.38889895100679883	FALSE	794	76	0.24450382037219331
ENSG00000162419	chr1:28883448-28884276	39	5472	TRUE	0.18	-0.4541771989789307	FALSE	794	76	0.05565086954483664
ENSG00000240750	chr1:28883448-28884276	12	1490	TRUE	0.244	-0.6298040617031271	FALSE	794	76	0.014597103079735621
ENSG00000158161	chr1:28883448-28884276	126	16051	TRUE	0.376	-0.23545636182001406	FALSE	794	76	0.17926217597149954
ENSG00000270605	chr1:28883448-28884276	30	4662	TRUE	0.384	-0.0986208145405314	FALSE	794	76	0.04706323536305255
ENSG00000130772	chr1:28883448-28884276	56	5304	TRUE	0.744	-0.11818361294514723	FALSE	794	76	0.05356958702479726
ENSG00000228589	chr1:28883448-28884276	17	1508	TRUE	0.836	-0.07554337959719959	FALSE	794	76	0.015272113626775418
ENSG00000130770	chr1:28883448-28884276	790	101767	TRUE	1.6614427176524955e-10	-0.32723386034785173	TRUE	794	77	10.547480429381709
ENSG00000242125	chr1:28883448-28884276	777	98302	TRUE	2.8842000937850484e-9	-0.3252611324866943	TRUE	794	77	5.561055641494399
ENSG00000159023	chr1:28883448-28884276	309	48040	TRUE	2.1314241075176294e-7	-0.5209426762208784	TRUE	794	77	0.6829981718464351
ENSG00000116350	chr1:28883448-28884276	550	66118	TRUE	5.992551973935437e-7	-0.5041040017230721	TRUE	794	77	1.2021844091313927
ENSG00000180198	chr1:28883448-28884276	310	35894	TRUE	9.849612721916776e-7	-0.6832638025269296	TRUE	794	77	0.47475741808465755
ENSG00000126698	chr1:28883448-28884276	671	81443	TRUE	7.548860790383227e-6	-0.3999220100578669	TRUE	794	77	2.092757699339052
ENSG00000158161	chr1:28883448-28884276	126	16051	TRUE	0.0015588537037236824	-0.5853988328769728	TRUE	794	77	0.17926217597149954
ENSG00000198492	chr1:28883448-28884276	367	43617	TRUE	0.024	-0.3386316286745864	TRUE	794	77	0.6081657525898843
ENSG00000130766	chr1:28883448-28884276	97	13053	TRUE	0.026178104098389193	-0.3095174040249553	TRUE	794	77	0.14614915858060282
ENSG00000116353	chr1:28883448-28884276	222	24831	TRUE	0.048	-0.28679795109112605	TRUE	794	77	0.2895420240941265
ENSG00000117748	chr1:28883448-28884276	485	57810	TRUE	0.092	-0.23687197485057954	FALSE	794	77	0.935658369662026
ENSG00000120656	chr1:28883448-28884276	347	43853	TRUE	0.12	-0.22121353611998384	FALSE	794	77	0.6082876294942109
ENSG00000270605	chr1:28883448-28884276	30	4662	TRUE	0.12	-0.2912658924829268	FALSE	794	77	0.04706323536305255
ENSG00000180098	chr1:28883448-28884276	146	16847	TRUE	0.176	-0.2971142405931011	FALSE	794	77	0.1849341395959312
ENSG00000130772	chr1:28883448-28884276	56	5304	TRUE	0.352	-0.4076902301401315	FALSE	794	77	0.05356958702479726
ENSG00000240750	chr1:28883448-28884276	12	1490	TRUE	0.408	-0.45987906026081404	FALSE	794	77	0.014597103079735621
ENSG00000162419	chr1:28883448-28884276	39	5472	TRUE	0.668	-0.05989825986688402	FALSE	794	77	0.05565086954483664
ENSG00000228589	chr1:28883448-28884276	17	1508	TRUE	0.776	0.03993383782273696	FALSE	794	77	0.015272113626775418
ENSG00000204138	chr1:28883448-28884276	156	18165	TRUE	0.828	-0.160253198212561	FALSE	794	77	0.20273754277410586
ENSG00000197989	chr1:28883448-28884276	206	20548	TRUE	0.972	-0.2536715703125756	FALSE	794	77	0.24450382037219331
ENSG00000130770	chr1:28883448-28884276	790	101767	TRUE	8.320724828190062e-20	-0.4330503985324201	TRUE	794	78	10.547480429381709
ENSG00000126698	chr1:28883448-28884276	671	81443	TRUE	3.7630071391132313e-19	-0.6301027347685826	TRUE	794	78	2.092757699339052
ENSG00000116350	chr1:28883448-28884276	550	66118	TRUE	1.9729228573940605e-7	-0.5022579425576993	TRUE	794	78	1.2021844091313927
ENSG00000242125	chr1:28883448-28884276	777	98302	TRUE	8.535812198047221e-4	-0.23181921684845452	TRUE	794	78	5.561055641494399
ENSG00000180198	chr1:28883448-28884276	310	35894	TRUE	0.0011374971097454188	-0.5005251153568538	TRUE	794	78	0.47475741808465755
ENSG00000198492	chr1:28883448-28884276	367	43617	TRUE	0.0016921068015586151	-0.40017771634423926	TRUE	794	78	0.6081657525898843
ENSG00000180098	chr1:28883448-28884276	146	16847	TRUE	0.010363141173050414	-0.4615010584939836	TRUE	794	78	0.1849341395959312
ENSG00000159023	chr1:28883448-28884276	309	48040	TRUE	0.012188767906162787	-0.3385659337323096	TRUE	794	78	0.6829981718464351
ENSG00000130766	chr1:28883448-28884276	97	13053	TRUE	0.01283800937126009	-0.3729427841665891	TRUE	794	78	0.14614915858060282
ENSG00000162419	chr1:28883448-28884276	39	5472	TRUE	0.01852159975616398	0.3707360944629787	TRUE	794	78	0.05565086954483664
ENSG00000117748	chr1:28883448-28884276	485	57810	TRUE	0.028	-0.25384505345429303	TRUE	794	78	0.935658369662026
ENSG00000228589	chr1:28883448-28884276	17	1508	TRUE	0.032	-1.0755433795971996	TRUE	794	78	0.015272113626775418
ENSG00000116353	chr1:28883448-28884276	222	24831	TRUE	0.036	-0.35222102608917494	TRUE	794	78	0.2895420240941265
ENSG00000130772	chr1:28883448-28884276	56	5304	TRUE	0.084	-0.5776152315824445	FALSE	794	78	0.05356958702479726
ENSG00000158161	chr1:28883448-28884276	126	16051	TRUE	0.096	-0.30362786446159307	FALSE	794	78	0.17926217597149954
ENSG00000120656	chr1:28883448-28884276	347	43853	TRUE	0.104	-0.22445919562363814	FALSE	794	78	0.6082876294942109
ENSG00000204138	chr1:28883448-28884276	156	18165	TRUE	0.12	-0.2959082975701275	FALSE	794	78	0.20273754277410586
ENSG00000197989	chr1:28883448-28884276	206	20548	TRUE	0.172	-0.3723160668111949	FALSE	794	78	0.24450382037219331
ENSG00000270605	chr1:28883448-28884276	30	4662	TRUE	0.628	0.030662202404434957	FALSE	794	78	0.04706323536305255
ENSG00000240750	chr1:28883448-28884276	12	1490	TRUE	0.776	0.07063565643796554	FALSE	794	78	0.014597103079735621
ENSG00000130770	chr1:28883448-28884276	790	101767	TRUE	6.406363555373917e-22	-0.45421074142652174	TRUE	794	79	10.547480429381709
ENSG00000242125	chr1:28883448-28884276	777	98302	TRUE	1.9665205557817763e-16	-0.4259917645374438	TRUE	794	79	5.561055641494399
ENSG00000198492	chr1:28883448-28884276	367	43617	TRUE	1.8377746394558658e-5	-0.5089751058387274	TRUE	794	79	0.6081657525898843
ENSG00000116350	chr1:28883448-28884276	550	66118	TRUE	2.676730663782247e-5	-0.46223104868612297	TRUE	794	79	1.2021844091313927
ENSG00000126698	chr1:28883448-28884276	671	81443	TRUE	5.230232226938189e-5	-0.3698438871046702	TRUE	794	79	2.092757699339052
ENSG00000270605	chr1:28883448-28884276	30	4662	TRUE	3.5401037748725855e-4	-1.0111579732901914	TRUE	794	79	0.04706323536305255
ENSG00000120656	chr1:28883448-28884276	347	43853	TRUE	0.0031703489084343815	-0.3323745347905255	TRUE	794	79	0.6082876294942109
ENSG00000116353	chr1:28883448-28884276	222	24831	TRUE	0.008294523818091232	-0.3898914440552299	TRUE	794	79	0.2895420240941265
ENSG00000180098	chr1:28883448-28884276	146	16847	TRUE	0.01023657854440689	-0.4615010584939836	TRUE	794	79	0.1849341395959312
ENSG00000197989	chr1:28883448-28884276	206	20548	TRUE	0.021727758114276297	-0.49261030052890664	TRUE	794	79	0.24450382037219331
ENSG00000159023	chr1:28883448-28884276	309	48040	TRUE	0.02264626287704608	-0.3295771505050552	TRUE	794	79	0.6829981718464351
ENSG00000180198	chr1:28883448-28884276	310	35894	TRUE	0.024	-0.4149736712416404	TRUE	794	79	0.47475741808465755
ENSG00000240750	chr1:28883448-28884276	12	1490	TRUE	0.196	0.2770865339053916	FALSE	794	79	0.014597103079735621
ENSG00000158161	chr1:28883448-28884276	126	16051	TRUE	0.248	-0.2805442513485521	FALSE	794	79	0.17926217597149954
ENSG00000204138	chr1:28883448-28884276	156	18165	TRUE	0.364	-0.20725067774973072	FALSE	794	79	0.20273754277410586
ENSG00000117748	chr1:28883448-28884276	485	57810	TRUE	0.376	-0.16889518103457268	FALSE	794	79	0.935658369662026
ENSG00000130766	chr1:28883448-28884276	97	13053	TRUE	0.888	0.046141548174956526	FALSE	794	79	0.14614915858060282
ENSG00000130772	chr1:28883448-28884276	56	5304	TRUE	0.892	-0.18529780880368385	FALSE	794	79	0.05356958702479726
ENSG00000228589	chr1:28883448-28884276	17	1508	TRUE	0.9	-0.07554337959719959	FALSE	794	79	0.015272113626775418
ENSG00000162419	chr1:28883448-28884276	39	5472	TRUE	0.96	-0.12402859728659976	FALSE	794	79	0.05565086954483664
ENSG00000130770	chr1:28883448-28884276	790	101767	TRUE	1.2232424295155306e-22	-0.4441372378582886	TRUE	794	80	10.547480429381709
ENSG00000242125	chr1:28883448-28884276	777	98302	TRUE	1.2209245934683972e-10	-0.34477540616169033	TRUE	794	80	5.561055641494399
ENSG00000126698	chr1:28883448-28884276	671	81443	TRUE	5.29945410968699e-7	-0.4234142005934465	TRUE	794	80	2.092757699339052
ENSG00000159023	chr1:28883448-28884276	309	48040	TRUE	6.416558478447836e-5	-0.45104066299072243	TRUE	794	80	0.6829981718464351
ENSG00000180198	chr1:28883448-28884276	310	35894	TRUE	3.6048604898775236e-4	-0.5286304530372078	TRUE	794	80	0.47475741808465755
ENSG00000116350	chr1:28883448-28884276	550	66118	TRUE	0.0024	-0.40592360778416864	TRUE	794	80	1.2021844091313927
ENSG00000130766	chr1:28883448-28884276	97	13053	TRUE	0.002537454175467302	-0.4736367837860622	TRUE	794	80	0.14614915858060282
ENSG00000198492	chr1:28883448-28884276	367	43617	TRUE	0.0027714646597621637	-0.41775034579218895	TRUE	794	80	0.6081657525898843
ENSG00000117748	chr1:28883448-28884276	485	57810	TRUE	0.008075454163561249	-0.2862180282287857	TRUE	794	80	0.935658369662026
ENSG00000158161	chr1:28883448-28884276	126	16051	TRUE	0.024	-0.4249341606837267	TRUE	794	80	0.17926217597149954
ENSG00000197989	chr1:28883448-28884276	206	20548	TRUE	0.124	-0.38889895100679883	FALSE	794	80	0.24450382037219331
ENSG00000240750	chr1:28883448-28884276	12	1490	TRUE	0.16	-0.6298040617031271	FALSE	794	80	0.014597103079735621
ENSG00000120656	chr1:28883448-28884276	347	43853	TRUE	0.196	-0.19869609955855638	FALSE	794	80	0.6082876294942109
ENSG00000270605	chr1:28883448-28884276	30	4662	TRUE	0.216	0.3932322817891434	FALSE	794	80	0.04706323536305255
ENSG00000116353	chr1:28883448-28884276	222	24831	TRUE	0.316	-0.20394101868684222	FALSE	794	80	0.2895420240941265
ENSG00000180098	chr1:28883448-28884276	146	16847	TRUE	0.328	-0.1901990366765891	FALSE	794	80	0.1849341395959312
ENSG00000162419	chr1:28883448-28884276	39	5472	TRUE	0.532	-0.26153212103653445	FALSE	794	80	0.05565086954483664
ENSG00000130772	chr1:28883448-28884276	56	5304	TRUE	0.6	-0.32968771813885844	FALSE	794	80	0.05356958702479726
ENSG00000228589	chr1:28883448-28884276	17	1508	TRUE	0.7	0.14684904173924895	FALSE	794	80	0.015272113626775418
ENSG00000204138	chr1:28883448-28884276	156	18165	TRUE	0.984	-0.11473853896019248	FALSE	794	80	0.20273754277410586
ENSG00000159023	chr1:28883448-28884276	309	48040	TRUE	1.6832054883703855e-5	-0.47727220456390196	TRUE	794	81	0.6829981718464351
ENSG00000130770	chr1:28883448-28884276	790	101767	TRUE	7.388078531323514e-5	-0.2504286980410657	TRUE	794	81	10.547480429381709
ENSG00000120656	chr1:28883448-28884276	347	43853	TRUE	1.3874294661134887e-4	-0.40048955971513744	TRUE	794	81	0.6082876294942109
ENSG00000126698	chr1:28883448-28884276	671	81443	TRUE	3.72272149615624e-4	-0.3462248868781136	TRUE	794	81	2.092757699339052
ENSG00000116350	chr1:28883448-28884276	550	66118	TRUE	0.0011923671728635635	-0.40419892731470775	TRUE	794	81	1.2021844091313927
ENSG00000116353	chr1:28883448-28884276	222	24831	TRUE	0.0040641757431685716	-0.42857191221928925	TRUE	794	81	0.2895420240941265
ENSG00000158161	chr1:28883448-28884276	126	16051	TRUE	0.009541810770104867	-0.5163571884473215	TRUE	794	81	0.17926217597149954
ENSG00000117748	chr1:28883448-28884276	485	57810	TRUE	0.009626872599195799	-0.2884022754906615	TRUE	794	81	0.935658369662026
ENSG00000242125	chr1:28883448-28884276	777	98302	TRUE	0.013952039505304902	-0.20011035712111624	TRUE	794	81	5.561055641494399
ENSG00000270605	chr1:28883448-28884276	30	4662	TRUE	0.028	-0.39818109639943877	TRUE	794	81	0.04706323536305255
ENSG00000130766	chr1:28883448-28884276	97	13053	TRUE	0.06	-0.2788206068020389	FALSE	794	81	0.14614915858060282
ENSG00000180198	chr1:28883448-28884276	310	35894	TRUE	0.064	-0.38897846270869596	FALSE	794	81	0.47475741808465755
ENSG00000198492	chr1:28883448-28884276	367	43617	TRUE	0.08	-0.31209855822832633	FALSE	794	81	0.6081657525898843
ENSG00000204138	chr1:28883448-28884276	156	18165	TRUE	0.084	-0.35819257582446973	FALSE	794	81	0.20273754277410586
ENSG00000228589	chr1:28883448-28884276	17	1508	TRUE	0.176	-0.6605058803183557	FALSE	794	81	0.015272113626775418
ENSG00000197989	chr1:28883448-28884276	206	20548	TRUE	0.276	-0.33167408231384865	FALSE	794	81	0.24450382037219331
ENSG00000162419	chr1:28883448-28884276	39	5472	TRUE	0.376	-0.335532702480311	FALSE	794	81	0.05565086954483664
ENSG00000240750	chr1:28883448-28884276	12	1490	TRUE	0.44	0.07063565643796554	FALSE	794	81	0.014597103079735621
ENSG00000130772	chr1:28883448-28884276	56	5304	TRUE	0.452	-0.023026379904806937	FALSE	794	81	0.05356958702479726
ENSG00000180098	chr1:28883448-28884276	146	16847	TRUE	0.544	-0.20054098089804784	FALSE	794	81	0.1849341395959312
ENSG00000242125	chr1:28883448-28884276	777	98302	TRUE	7.122020163328647e-12	-0.3767154237992445	TRUE	794	82	5.561055641494399
ENSG00000198492	chr1:28883448-28884276	367	43617	TRUE	1.5187260941863876e-5	-0.5052131870425284	TRUE	794	82	0.6081657525898843
ENSG00000159023	chr1:28883448-28884276	309	48040	TRUE	2.202139087662501e-5	-0.46737939980547005	TRUE	794	82	0.6829981718464351
ENSG00000130770	chr1:28883448-28884276	790	101767	TRUE	3.2963018060322554e-5	-0.2441457535876821	TRUE	794	82	10.547480429381709
ENSG00000126698	chr1:28883448-28884276	671	81443	TRUE	2.0728367519887853e-4	-0.3501346319291949	TRUE	794	82	2.092757699339052
ENSG00000117748	chr1:28883448-28884276	485	57810	TRUE	3.270534323897654e-4	-0.34411170807694924	TRUE	794	82	0.935658369662026
ENSG00000130766	chr1:28883448-28884276	97	13053	TRUE	0.01288153550118995	-0.42241146043088884	TRUE	794	82	0.14614915858060282
ENSG00000116350	chr1:28883448-28884276	550	66118	TRUE	0.024	-0.3368497074203184	TRUE	794	82	1.2021844091313927
ENSG00000197989	chr1:28883448-28884276	206	20548	TRUE	0.024	-0.5474027733692859	TRUE	794	82	0.24450382037219331
ENSG00000204138	chr1:28883448-28884276	156	18165	TRUE	0.028	-0.37956622661703676	TRUE	794	82	0.20273754277410586
ENSG00000130772	chr1:28883448-28884276	56	5304	TRUE	0.044	-0.6234189211955687	TRUE	794	82	0.05356958702479726
ENSG00000228589	chr1:28883448-28884276	17	1508	TRUE	0.044	-1.0755433795971996	TRUE	794	82	0.015272113626775418
ENSG00000120656	chr1:28883448-28884276	347	43853	TRUE	0.072	-0.2309725025823124	FALSE	794	82	0.6082876294942109
ENSG00000162419	chr1:28883448-28884276	39	5472	TRUE	0.1	-0.4959973746735571	FALSE	794	82	0.05565086954483664
ENSG00000116353	chr1:28883448-28884276	222	24831	TRUE	0.112	-0.31550924773265354	FALSE	794	82	0.2895420240941265
ENSG00000158161	chr1:28883448-28884276	126	16051	TRUE	0.132	-0.3270868372855822	FALSE	794	82	0.17926217597149954
ENSG00000180098	chr1:28883448-28884276	146	16847	TRUE	0.26	-0.25339286316378296	FALSE	794	82	0.1849341395959312
ENSG00000240750	chr1:28883448-28884276	12	1490	TRUE	0.312	-0.6298040617031271	FALSE	794	82	0.014597103079735621
ENSG00000180198	chr1:28883448-28884276	310	35894	TRUE	0.68	-0.21144027715650837	FALSE	794	82	0.47475741808465755
ENSG00000270605	chr1:28883448-28884276	30	4662	TRUE	0.752	0.22330728034683123	FALSE	794	82	0.04706323536305255
ENSG00000242125	chr1:28883448-28884276	777	98302	TRUE	4.183423799703439e-21	-0.5060107488010881	TRUE	794	83	5.561055641494399
ENSG00000130770	chr1:28883448-28884276	790	101767	TRUE	9.092845658988504e-12	-0.34647953350585237	TRUE	794	83	10.547480429381709
ENSG00000117748	chr1:28883448-28884276	485	57810	TRUE	8.994464983490963e-8	-0.4575077966264251	TRUE	794	83	0.935658369662026
ENSG00000116350	chr1:28883448-28884276	550	66118	TRUE	1.574558635247282e-6	-0.47665811932140256	TRUE	794	83	1.2021844091313927
ENSG00000126698	chr1:28883448-28884276	671	81443	TRUE	1.967302997249931e-5	-0.3848045642839667	TRUE	794	83	2.092757699339052
ENSG00000180198	chr1:28883448-28884276	310	35894	TRUE	5.371009767690584e-5	-0.6113708840451441	TRUE	794	83	0.47475741808465755
ENSG00000159023	chr1:28883448-28884276	309	48040	TRUE	0.0033969697161621154	-0.3750918097574236	TRUE	794	83	0.6829981718464351
ENSG00000198492	chr1:28883448-28884276	367	43617	TRUE	0.00803799782879705	-0.37249926469728856	TRUE	794	83	0.6081657525898843
ENSG00000204138	chr1:28883448-28884276	156	18165	TRUE	0.009283210105150957	-0.4232876040463549	TRUE	794	83	0.20273754277410586
ENSG00000130772	chr1:28883448-28884276	56	5304	TRUE	0.048	-0.6707246359739258	TRUE	794	83	0.05356958702479726
ENSG00000180098	chr1:28883448-28884276	146	16847	TRUE	0.076	-0.33079736684938954	FALSE	794	83	0.1849341395959312
ENSG00000197989	chr1:28883448-28884276	206	20548	TRUE	0.088	-0.4312097558647632	FALSE	794	83	0.24450382037219331
ENSG00000228589	chr1:28883448-28884276	17	1508	TRUE	0.18	-0.6605058803183557	FALSE	794	83	0.015272113626775418
ENSG00000130766	chr1:28883448-28884276	97	13053	TRUE	0.188	-0.1904647323811921	FALSE	794	83	0.14614915858060282
ENSG00000116353	chr1:28883448-28884276	222	24831	TRUE	0.2	-0.23788835061017966	FALSE	794	83	0.2895420240941265
ENSG00000120656	chr1:28883448-28884276	347	43853	TRUE	0.324	-0.17967127387680004	FALSE	794	83	0.6082876294942109
ENSG00000158161	chr1:28883448-28884276	126	16051	TRUE	0.336	-0.24659691942521444	FALSE	794	83	0.17926217597149954
ENSG00000240750	chr1:28883448-28884276	12	1490	TRUE	0.34	-0.6298040617031271	FALSE	794	83	0.014597103079735621
ENSG00000162419	chr1:28883448-28884276	39	5472	TRUE	0.612	-0.26153212103653445	FALSE	794	83	0.05565086954483664
ENSG00000270605	chr1:28883448-28884276	30	4662	TRUE	0.676	0.22330728034683123	FALSE	794	83	0.04706323536305255
ENSG00000242125	chr1:28883448-28884276	777	98302	TRUE	6.498005494873244e-17	-0.44527448211293885	TRUE	794	84	5.561055641494399
ENSG00000130770	chr1:28883448-28884276	790	101767	TRUE	9.538416049803064e-14	-0.38366445383950154	TRUE	794	84	10.547480429381709
ENSG00000126698	chr1:28883448-28884276	671	81443	TRUE	5.9998800956639165e-12	-0.5071489795165729	TRUE	794	84	2.092757699339052
ENSG00000159023	chr1:28883448-28884276	309	48040	TRUE	1.3448541804204797e-8	-0.5765715450745813	TRUE	794	84	0.6829981718464351
ENSG00000180198	chr1:28883448-28884276	310	35894	TRUE	4.3719729270143195e-7	-0.6727714287092871	TRUE	794	84	0.47475741808465755
ENSG00000180098	chr1:28883448-28884276	146	16847	TRUE	1.1123919429280576e-4	-0.6756258638468307	TRUE	794	84	0.1849341395959312
ENSG00000197989	chr1:28883448-28884276	206	20548	TRUE	1.2244409049048596e-4	-0.6942441616985571	TRUE	794	84	0.24450382037219331
ENSG00000116350	chr1:28883448-28884276	550	66118	TRUE	1.8997754965610581e-4	-0.43028815618336863	TRUE	794	84	1.2021844091313927
ENSG00000117748	chr1:28883448-28884276	485	57810	TRUE	2.612048354104146e-4	-0.34411170807694924	TRUE	794	84	0.935658369662026
ENSG00000198492	chr1:28883448-28884276	367	43617	TRUE	0.001149772916419857	-0.4106955882582386	TRUE	794	84	0.6081657525898843
ENSG00000130772	chr1:28883448-28884276	56	5304	TRUE	0.0018200644214942663	-1.0540532755254315	TRUE	794	84	0.05356958702479726
ENSG00000116353	chr1:28883448-28884276	222	24831	TRUE	0.007566913319631274	-0.4052394083886659	TRUE	794	84	0.2895420240941265
ENSG00000204138	chr1:28883448-28884276	156	18165	TRUE	0.064	-0.3688398200239784	TRUE	794	84	0.20273754277410586
ENSG00000120656	chr1:28883448-28884276	347	43853	TRUE	0.068	-0.27740807557259695	TRUE	794	84	0.6082876294942109
ENSG00000270605	chr1:28883448-28884276	30	4662	TRUE	0.076	-0.39818109639943877	FALSE	794	84	0.04706323536305255
ENSG00000158161	chr1:28883448-28884276	126	16051	TRUE	0.084	-0.3270868372855822	FALSE	794	84	0.17926217597149954
ENSG00000240750	chr1:28883448-28884276	12	1490	TRUE	0.236	-0.8224491396455225	FALSE	794	84	0.014597103079735621
ENSG00000228589	chr1:28883448-28884276	17	1508	TRUE	0.288	-0.6605058803183557	FALSE	794	84	0.015272113626775418
ENSG00000162419	chr1:28883448-28884276	39	5472	TRUE	0.4	-0.2259082113058133	FALSE	794	84	0.05565086954483664
ENSG00000130766	chr1:28883448-28884276	97	13053	TRUE	0.692	-0.0804918903560603	FALSE	794	84	0.14614915858060282
ENSG00000242125	chr1:28883448-28884276	777	98302	TRUE	1.2424366664236497e-29	-0.557313926756009	TRUE	794	85	5.561055641494399
ENSG00000126698	chr1:28883448-28884276	671	81443	TRUE	1.4289301239602443e-9	-0.4705139778879207	TRUE	794	85	2.092757699339052
ENSG00000130770	chr1:28883448-28884276	790	101767	TRUE	1.618180593036819e-8	-0.30863882240656393	TRUE	794	85	10.547480429381709
ENSG00000180098	chr1:28883448-28884276	146	16847	TRUE	2.007137107929869e-4	-0.6190423354804633	TRUE	794	85	0.1849341395959312
ENSG00000180198	chr1:28883448-28884276	310	35894	TRUE	2.7359981418170753e-4	-0.5476762087277541	TRUE	794	85	0.47475741808465755
ENSG00000117748	chr1:28883448-28884276	485	57810	TRUE	0.0019849514080495442	-0.31264982173733896	TRUE	794	85	0.935658369662026
ENSG00000270605	chr1:28883448-28884276	30	4662	TRUE	0.002923831512517558	-0.7766927196531688	TRUE	794	85	0.04706323536305255
ENSG00000204138	chr1:28883448-28884276	156	18165	TRUE	0.00318976657548585	-0.4914591066879339	TRUE	794	85	0.20273754277410586
ENSG00000120656	chr1:28883448-28884276	347	43853	TRUE	0.0036163400142156313	-0.3149714885290803	TRUE	794	85	0.6082876294942109
ENSG00000198492	chr1:28883448-28884276	367	43617	TRUE	0.0038623293463760713	-0.3828165556828016	TRUE	794	85	0.6081657525898843
ENSG00000130772	chr1:28883448-28884276	56	5304	TRUE	0.009093566502547834	-0.8771755134413519	TRUE	794	85	0.05356958702479726
ENSG00000116350	chr1:28883448-28884276	550	66118	TRUE	0.009271779778780704	-0.3650898902755913	TRUE	794	85	1.2021844091313927
ENSG00000116353	chr1:28883448-28884276	222	24831	TRUE	0.04	-0.3596768310082221	TRUE	794	85	0.2895420240941265
ENSG00000197989	chr1:28883448-28884276	206	20548	TRUE	0.108	-0.4398228861694711	FALSE	794	85	0.24450382037219331
ENSG00000130766	chr1:28883448-28884276	97	13053	TRUE	0.132	-0.20482002535826194	FALSE	794	85	0.14614915858060282
ENSG00000228589	chr1:28883448-28884276	17	1508	TRUE	0.2	-0.6605058803183557	FALSE	794	85	0.015272113626775418
ENSG00000158161	chr1:28883448-28884276	126	16051	TRUE	0.24	-0.2691394880763025	FALSE	794	85	0.17926217597149954
ENSG00000162419	chr1:28883448-28884276	39	5472	TRUE	0.456	-0.29805799706164837	FALSE	794	85	0.05565086954483664
ENSG00000240750	chr1:28883448-28884276	12	1490	TRUE	0.548	-0.45987906026081404	FALSE	794	85	0.014597103079735621
ENSG00000159023	chr1:28883448-28884276	309	48040	TRUE	0.864	-0.16864093228999733	FALSE	794	85	0.6829981718464351
ENSG00000130770	chr1:28883448-28884276	790	101767	TRUE	1.8134635432713985e-19	-0.4278623975893683	TRUE	794	86	10.547480429381709
ENSG00000116350	chr1:28883448-28884276	550	66118	TRUE	2.0203511952207294e-9	-0.5491332498793199	TRUE	794	86	1.2021844091313927
ENSG00000242125	chr1:28883448-28884276	777	98302	TRUE	9.520026764699673e-7	-0.2847880719449174	TRUE	794	86	5.561055641494399
ENSG00000126698	chr1:28883448-28884276	671	81443	TRUE	4.2455810243225887e-4	-0.34329951573541684	TRUE	794	86	2.092757699339052
ENSG00000180198	chr1:28883448-28884276	310	35894	TRUE	7.647830707741207e-4	-0.519201040117277	TRUE	794	86	0.47475741808465755
ENSG00000120656	chr1:28883448-28884276	347	43853	TRUE	0.0010913125431085378	-0.3429180290319951	TRUE	794	86	0.6082876294942109
ENSG00000197989	chr1:28883448-28884276	206	20548	TRUE	0.02442193640114912	-0.49261030052890664	TRUE	794	86	0.24450382037219331
ENSG00000130772	chr1:28883448-28884276	56	5304	TRUE	0.058779887556198396	-0.6707246359739258	FALSE	794	86	0.05356958702479726
ENSG00000130766	chr1:28883448-28884276	97	13053	TRUE	0.092	-0.1904647323811921	FALSE	794	86	0.14614915858060282
ENSG00000117748	chr1:28883448-28884276	485	57810	TRUE	0.108	-0.21593263715821637	FALSE	794	86	0.935658369662026
ENSG00000198492	chr1:28883448-28884276	367	43617	TRUE	0.112	-0.30554084220616406	FALSE	794	86	0.6081657525898843
ENSG00000116353	chr1:28883448-28884276	222	24831	TRUE	0.124	-0.2656333410930838	FALSE	794	86	0.2895420240941265
ENSG00000158161	chr1:28883448-28884276	126	16051	TRUE	0.204	-0.2691394880763025	FALSE	794	86	0.17926217597149954
ENSG00000270605	chr1:28883448-28884276	30	4662	TRUE	0.272	-0.1917302189320127	FALSE	794	86	0.04706323536305255
ENSG00000204138	chr1:28883448-28884276	156	18165	TRUE	0.372	-0.24598307223844484	FALSE	794	86	0.20273754277410586
ENSG00000180098	chr1:28883448-28884276	146	16847	TRUE	0.464	-0.06209421092890377	FALSE	794	86	0.1849341395959312
ENSG00000162419	chr1:28883448-28884276	39	5472	TRUE	0.736	-0.19114279314513638	FALSE	794	86	0.05565086954483664
ENSG00000240750	chr1:28883448-28884276	12	1490	TRUE	0.752	-0.30787596681576446	FALSE	794	86	0.014597103079735621
ENSG00000228589	chr1:28883448-28884276	17	1508	TRUE	0.876	-0.07554337959719959	FALSE	794	86	0.015272113626775418
ENSG00000159023	chr1:28883448-28884276	309	48040	TRUE	0.904	-0.19017409383963857	FALSE	794	86	0.6829981718464351
ENSG00000242125	chr1:28883448-28884276	777	98302	TRUE	1.3415997807332574e-10	-0.33250034106763104	TRUE	794	87	5.561055641494399
ENSG00000130770	chr1:28883448-28884276	790	101767	TRUE	2.626972161949727e-9	-0.31062682746261316	TRUE	794	87	10.547480429381709
ENSG00000198492	chr1:28883448-28884276	367	43617	TRUE	4.79901702313519e-7	-0.5943206608765136	TRUE	794	87	0.6081657525898843
ENSG00000159023	chr1:28883448-28884276	309	48040	TRUE	1.508466311041538e-6	-0.5243573406336431	TRUE	794	87	0.6829981718464351
ENSG00000126698	chr1:28883448-28884276	671	81443	TRUE	1.7539011838361003e-6	-0.4121310677530844	TRUE	794	87	2.092757699339052
ENSG00000120656	chr1:28883448-28884276	347	43853	TRUE	2.5889092779720832e-5	-0.4189622197866163	TRUE	794	87	0.6082876294942109
ENSG00000116350	chr1:28883448-28884276	550	66118	TRUE	3.4687795877123384e-4	-0.4197957823657263	TRUE	794	87	1.2021844091313927
ENSG00000117748	chr1:28883448-28884276	485	57810	TRUE	0.0019378779956104215	-0.3171025877439699	TRUE	794	87	0.935658369662026
ENSG00000197989	chr1:28883448-28884276	206	20548	TRUE	0.018828214860733855	-0.4747990244124458	TRUE	794	87	0.24450382037219331
ENSG00000130766	chr1:28883448-28884276	97	13053	TRUE	0.024	-0.3729427841665891	TRUE	794	87	0.14614915858060282
ENSG00000116353	chr1:28883448-28884276	222	24831	TRUE	0.052	-0.29392238552450745	TRUE	794	87	0.2895420240941265
ENSG00000158161	chr1:28883448-28884276	126	16051	TRUE	0.052	-0.3751811254866273	TRUE	794	87	0.17926217597149954
ENSG00000180198	chr1:28883448-28884276	310	35894	TRUE	0.052	-0.40191751841619416	TRUE	794	87	0.47475741808465755
ENSG00000204138	chr1:28883448-28884276	156	18165	TRUE	0.08	-0.3476233341142825	FALSE	794	87	0.20273754277410586
ENSG00000180098	chr1:28883448-28884276	146	16847	TRUE	0.32	-0.22144997066102867	FALSE	794	87	0.1849341395959312
ENSG00000162419	chr1:28883448-28884276	39	5472	TRUE	0.368	-0.37400685029494696	FALSE	794	87	0.05565086954483664
ENSG00000270605	chr1:28883448-28884276	30	4662	TRUE	0.452	-0.05422669518207801	FALSE	794	87	0.04706323536305255
ENSG00000240750	chr1:28883448-28884276	12	1490	TRUE	0.508	-0.45987906026081404	FALSE	794	87	0.014597103079735621
ENSG00000130772	chr1:28883448-28884276	56	5304	TRUE	0.528	-0.3681618659534944	FALSE	794	87	0.05356958702479726
ENSG00000228589	chr1:28883448-28884276	17	1508	TRUE	0.612	-0.33857778543099304	FALSE	794	87	0.015272113626775418
ENSG00000242125	chr1:28883448-28884276	777	98302	TRUE	1.8093658954992752e-15	-0.423141794572615	TRUE	794	88	5.561055641494399
ENSG00000116350	chr1:28883448-28884276	550	66118	TRUE	3.3610039460322825e-10	-0.5858057338046554	TRUE	794	88	1.2021844091313927
ENSG00000117748	chr1:28883448-28884276	485	57810	TRUE	3.774073722129566e-9	-0.4973775543736346	TRUE	794	88	0.935658369662026
ENSG00000198492	chr1:28883448-28884276	367	43617	TRUE	2.4538329520973633e-6	-0.551016876655653	TRUE	794	88	0.6081657525898843
ENSG00000130770	chr1:28883448-28884276	790	101767	TRUE	7.293550184985865e-4	-0.22021803955778463	TRUE	794	88	10.547480429381709
ENSG00000162419	chr1:28883448-28884276	39	5472	TRUE	7.79559738696034e-4	-1.1240285972865998	TRUE	794	88	0.05565086954483664
ENSG00000180198	chr1:28883448-28884276	310	35894	TRUE	9.600562001698502e-4	-0.5239080427948045	TRUE	794	88	0.47475741808465755
ENSG00000197989	chr1:28883448-28884276	206	20548	TRUE	0.008592749774581486	-0.5474027733692859	TRUE	794	88	0.24450382037219331
ENSG00000120656	chr1:28883448-28884276	347	43853	TRUE	0.008835489807486843	-0.2909546074105449	TRUE	794	88	0.6082876294942109
ENSG00000159023	chr1:28883448-28884276	309	48040	TRUE	0.014595226368178817	-0.3385659337323096	TRUE	794	88	0.6829981718464351
ENSG00000126698	chr1:28883448-28884276	671	81443	TRUE	0.03275866019720061	-0.2738846526165545	TRUE	794	88	2.092757699339052
ENSG00000116353	chr1:28883448-28884276	222	24831	TRUE	0.044	-0.33742402416109396	TRUE	794	88	0.2895420240941265
ENSG00000180098	chr1:28883448-28884276	146	16847	TRUE	0.12	-0.3082547981983015	FALSE	794	88	0.1849341395959312
ENSG00000130766	chr1:28883448-28884276	97	13053	TRUE	0.432	-0.1072092287318398	FALSE	794	88	0.14614915858060282
ENSG00000158161	chr1:28883448-28884276	126	16051	TRUE	0.52	-0.18100857779763757	FALSE	794	88	0.17926217597149954
ENSG00000240750	chr1:28883448-28884276	12	1490	TRUE	0.556	-0.30787596681576446	FALSE	794	88	0.014597103079735621
ENSG00000228589	chr1:28883448-28884276	17	1508	TRUE	0.716	0.03993383782273696	FALSE	794	88	0.015272113626775418
ENSG00000204138	chr1:28883448-28884276	156	18165	TRUE	0.848	-0.15103466818318223	FALSE	794	88	0.20273754277410586
ENSG00000130772	chr1:28883448-28884276	56	5304	TRUE	0.96	-0.15135047688034575	FALSE	794	88	0.05356958702479726
ENSG00000270605	chr1:28883448-28884276	30	4662	TRUE	0.976	0.1493066989030547	FALSE	794	88	0.04706323536305255
ENSG00000130770	chr1:28883448-28884276	790	101767	TRUE	4.969264568686116e-10	-0.323013981880111	TRUE	794	89	10.547480429381709
ENSG00000198492	chr1:28883448-28884276	367	43617	TRUE	7.174260079926355e-7	-0.551016876655653	TRUE	794	89	0.6081657525898843
ENSG00000270605	chr1:28883448-28884276	30	4662	TRUE	5.3715725059503075e-5	-1.2912658924829268	TRUE	794	89	0.04706323536305255
ENSG00000242125	chr1:28883448-28884276	777	98302	TRUE	1.396439744728479e-4	-0.2490199576020622	TRUE	794	89	5.561055641494399
ENSG00000120656	chr1:28883448-28884276	347	43853	TRUE	1.6140388233507053e-4	-0.3786301257513983	TRUE	794	89	0.6082876294942109
ENSG00000116350	chr1:28883448-28884276	550	66118	TRUE	4e-4	-0.520825702596971	TRUE	794	89	1.2021844091313927
ENSG00000116353	chr1:28883448-28884276	222	24831	TRUE	0.0019903459993824684	-0.4522879811930971	TRUE	794	89	0.2895420240941265
ENSG00000159023	chr1:28883448-28884276	309	48040	TRUE	0.00270985389181444	-0.3874755342132562	TRUE	794	89	0.6829981718464351
ENSG00000117748	chr1:28883448-28884276	485	57810	TRUE	0.0034545031704691156	-0.2840370829292596	TRUE	794	89	0.935658369662026
ENSG00000197989	chr1:28883448-28884276	206	20548	TRUE	0.0038672897562222752	-0.6043586581813623	TRUE	794	89	0.24450382037219331
ENSG00000126698	chr1:28883448-28884276	671	81443	TRUE	0.004384549282353344	-0.3057998326933168	TRUE	794	89	2.092757699339052
ENSG00000130766	chr1:28883448-28884276	97	13053	TRUE	0.052	-0.3095174040249553	TRUE	794	89	0.14614915858060282
ENSG00000162419	chr1:28883448-28884276	39	5472	TRUE	0.104	-0.5834602159238971	FALSE	794	89	0.05565086954483664
ENSG00000158161	chr1:28883448-28884276	126	16051	TRUE	0.196	-0.29203989018638143	FALSE	794	89	0.17926217597149954
ENSG00000130772	chr1:28883448-28884276	56	5304	TRUE	0.208	-0.5332211122239912	FALSE	794	89	0.05356958702479726
ENSG00000240750	chr1:28883448-28884276	12	1490	TRUE	0.216	0.3701959382968729	FALSE	794	89	0.014597103079735621
ENSG00000180098	chr1:28883448-28884276	146	16847	TRUE	0.32	-0.23201921237121592	FALSE	794	89	0.1849341395959312
ENSG00000204138	chr1:28883448-28884276	156	18165	TRUE	0.448	-0.20725067774973072	FALSE	794	89	0.20273754277410586
ENSG00000228589	chr1:28883448-28884276	17	1508	TRUE	0.512	-0.33857778543099304	FALSE	794	89	0.015272113626775418
ENSG00000180198	chr1:28883448-28884276	310	35894	TRUE	0.84	-0.24991442497114413	FALSE	794	89	0.47475741808465755
ENSG00000242125	chr1:28883448-28884276	777	98302	TRUE	5.711028564502376e-18	-0.45065381877171307	TRUE	794	90	5.561055641494399
ENSG00000130770	chr1:28883448-28884276	790	101767	TRUE	2.6191207487677637e-13	-0.3715776703923712	TRUE	794	90	10.547480429381709
ENSG00000126698	chr1:28883448-28884276	671	81443	TRUE	4.287577358302023e-10	-0.48226498358027803	TRUE	794	90	2.092757699339052
ENSG00000120656	chr1:28883448-28884276	347	43853	TRUE	2.639090946576631e-6	-0.44901945364279605	TRUE	794	90	0.6082876294942109
ENSG00000116350	chr1:28883448-28884276	550	66118	TRUE	1.5489981236888658e-5	-0.46043776686307203	TRUE	794	90	1.2021844091313927
ENSG00000117748	chr1:28883448-28884276	485	57810	TRUE	0.0035222819495337038	-0.29278071600123595	TRUE	794	90	0.935658369662026
ENSG00000198492	chr1:28883448-28884276	367	43617	TRUE	0.012232329345879575	-0.35885665673862044	TRUE	794	90	0.6081657525898843
ENSG00000159023	chr1:28883448-28884276	309	48040	TRUE	0.036	-0.31471919177794194	TRUE	794	90	0.6829981718464351
ENSG00000180198	chr1:28883448-28884276	310	35894	TRUE	0.064	-0.4062564541405317	FALSE	794	90	0.47475741808465755
ENSG00000180098	chr1:28883448-28884276	146	16847	TRUE	0.092	-0.3769675482823156	FALSE	794	90	0.1849341395959312
ENSG00000130766	chr1:28883448-28884276	97	13053	TRUE	0.124	0.20660622036820264	FALSE	794	90	0.14614915858060282
ENSG00000228589	chr1:28883448-28884276	17	1508	TRUE	0.132	-0.853150958260751	FALSE	794	90	0.015272113626775418
ENSG00000162419	chr1:28883448-28884276	39	5472	TRUE	0.188	-0.41353521448158403	FALSE	794	90	0.05565086954483664
ENSG00000270605	chr1:28883448-28884276	30	4662	TRUE	0.284	-0.0986208145405314	FALSE	794	90	0.04706323536305255
ENSG00000204138	chr1:28883448-28884276	156	18165	TRUE	0.296	-0.2657463270598748	FALSE	794	90	0.20273754277410586
ENSG00000116353	chr1:28883448-28884276	222	24831	TRUE	0.3	-0.22421341371310333	FALSE	794	90	0.2895420240941265
ENSG00000197989	chr1:28883448-28884276	206	20548	TRUE	0.68	-0.29996522258651037	FALSE	794	90	0.24450382037219331
ENSG00000240750	chr1:28883448-28884276	12	1490	TRUE	0.684	0.07063565643796554	FALSE	794	90	0.014597103079735621
ENSG00000158161	chr1:28883448-28884276	126	16051	TRUE	0.692	-0.03865565438630725	FALSE	794	90	0.17926217597149954
ENSG00000130772	chr1:28883448-28884276	56	5304	TRUE	0.912	-0.18529780880368385	FALSE	794	90	0.05356958702479726
ENSG00000130770	chr1:28883448-28884276	790	101767	TRUE	5.262412741943691e-7	-0.2904765760034751	TRUE	794	91	10.547480429381709
ENSG00000126698	chr1:28883448-28884276	671	81443	TRUE	7.470678370645326e-5	-0.37481356146733535	TRUE	794	91	2.092757699339052
ENSG00000116353	chr1:28883448-28884276	222	24831	TRUE	1.2042502101154359e-4	-0.5342813533904045	TRUE	794	91	0.2895420240941265
ENSG00000117748	chr1:28883448-28884276	485	57810	TRUE	5.279446162840436e-4	-0.3373118759716081	TRUE	794	91	0.935658369662026
ENSG00000242125	chr1:28883448-28884276	777	98302	TRUE	0.0012106636283730765	-0.22790609758347813	TRUE	794	91	5.561055641494399
ENSG00000116350	chr1:28883448-28884276	550	66118	TRUE	0.003320220378035893	-0.37519048024456125	TRUE	794	91	1.2021844091313927
ENSG00000120656	chr1:28883448-28884276	347	43853	TRUE	0.007578513196589018	-0.301198638907348	TRUE	794	91	0.6082876294942109
ENSG00000197989	chr1:28883448-28884276	206	20548	TRUE	0.04	-0.4484877472965989	TRUE	794	91	0.24450382037219331
ENSG00000162419	chr1:28883448-28884276	39	5472	TRUE	0.044	-0.6292639055370213	TRUE	794	91	0.05565086954483664
ENSG00000158161	chr1:28883448-28884276	126	16051	TRUE	0.14	-0.30362786446159307	FALSE	794	91	0.17926217597149954
ENSG00000159023	chr1:28883448-28884276	309	48040	TRUE	0.144	-0.2796722446787413	FALSE	794	91	0.6829981718464351
ENSG00000270605	chr1:28883448-28884276	30	4662	TRUE	0.188	-0.1917302189320127	FALSE	794	91	0.04706323536305255
ENSG00000130766	chr1:28883448-28884276	97	13053	TRUE	0.192	-0.17625087316149113	FALSE	794	91	0.14614915858060282
ENSG00000180198	chr1:28883448-28884276	310	35894	TRUE	0.24	-0.317771512216276	FALSE	794	91	0.47475741808465755
ENSG00000130772	chr1:28883448-28884276	56	5304	TRUE	0.264	-0.4483322146374782	FALSE	794	91	0.05356958702479726
ENSG00000240750	chr1:28883448-28884276	12	1490	TRUE	0.3	0.2770865339053916	FALSE	794	91	0.014597103079735621
ENSG00000198492	chr1:28883448-28884276	367	43617	TRUE	0.4	-0.24782534434987658	FALSE	794	91	0.6081657525898843
ENSG00000228589	chr1:28883448-28884276	17	1508	TRUE	0.452	0.24638471529016304	FALSE	794	91	0.015272113626775418
ENSG00000204138	chr1:28883448-28884276	156	18165	TRUE	0.732	-0.160253198212561	FALSE	794	91	0.20273754277410586
ENSG00000180098	chr1:28883448-28884276	146	16847	TRUE	0.92	-0.13957296360662097	FALSE	794	91	0.1849341395959312
ENSG00000130770	chr1:28883448-28884276	790	101767	TRUE	2.2417579815119742e-26	-0.4954493285545394	TRUE	794	92	10.547480429381709
ENSG00000120656	chr1:28883448-28884276	347	43853	TRUE	1.2284275183998445e-7	-0.5390947979446443	TRUE	794	92	0.6082876294942109
ENSG00000117748	chr1:28883448-28884276	485	57810	TRUE	9.863165780757324e-6	-0.4067969762928919	TRUE	794	92	0.935658369662026
ENSG00000116350	chr1:28883448-28884276	550	66118	TRUE	1.1374723573347048e-5	-0.46223104868612297	TRUE	794	92	1.2021844091313927
ENSG00000126698	chr1:28883448-28884276	671	81443	TRUE	1.4168370040209578e-4	-0.3540550013005379	TRUE	794	92	2.092757699339052
ENSG00000197989	chr1:28883448-28884276	206	20548	TRUE	4.123037743384815e-4	-0.6337026197635063	TRUE	794	92	0.24450382037219331
ENSG00000242125	chr1:28883448-28884276	777	98302	TRUE	0.0014841240348723627	-0.23431492123610909	TRUE	794	92	5.561055641494399
ENSG00000204138	chr1:28883448-28884276	156	18165	TRUE	0.002912597151603455	-0.514918079511923	TRUE	794	92	0.20273754277410586
ENSG00000162419	chr1:28883448-28884276	39	5472	TRUE	0.024	-0.6292639055370213	TRUE	794	92	0.05565086954483664
ENSG00000158161	chr1:28883448-28884276	126	16051	TRUE	0.04	-0.43764521243328103	TRUE	794	92	0.17926217597149954
ENSG00000116353	chr1:28883448-28884276	222	24831	TRUE	0.08	-0.31550924773265354	FALSE	794	92	0.2895420240941265
ENSG00000180098	chr1:28883448-28884276	146	16847	TRUE	0.1	-0.34220213012163914	FALSE	794	92	0.1849341395959312
ENSG00000180198	chr1:28883448-28884276	310	35894	TRUE	0.112	-0.3550311307853583	FALSE	794	92	0.47475741808465755
ENSG00000130766	chr1:28883448-28884276	97	13053	TRUE	0.124	-0.24876337294585937	FALSE	794	92	0.14614915858060282
ENSG00000130772	chr1:28883448-28884276	56	5304	TRUE	0.136	-0.5332211122239912	FALSE	794	92	0.05356958702479726
ENSG00000240750	chr1:28883448-28884276	12	1490	TRUE	0.3	-0.6298040617031271	FALSE	794	92	0.014597103079735621
ENSG00000198492	chr1:28883448-28884276	367	43617	TRUE	0.464	-0.24468563681930922	FALSE	794	92	0.6081657525898843
ENSG00000270605	chr1:28883448-28884276	30	4662	TRUE	0.52	-0.05422669518207801	FALSE	794	92	0.04706323536305255
ENSG00000159023	chr1:28883448-28884276	309	48040	TRUE	0.724	-0.18746480658165232	FALSE	794	92	0.6829981718464351
ENSG00000228589	chr1:28883448-28884276	17	1508	TRUE	0.964	-0.07554337959719959	FALSE	794	92	0.015272113626775418
ENSG00000130770	chr1:28883448-28884276	790	101767	TRUE	6.611366371919683e-11	-0.33126430029534415	TRUE	794	93	10.547480429381709
ENSG00000126698	chr1:28883448-28884276	671	81443	TRUE	5.2029074822506155e-9	-0.4441578367662138	TRUE	794	93	2.092757699339052
ENSG00000242125	chr1:28883448-28884276	777	98302	TRUE	2.686571891710158e-6	-0.28774744742546154	TRUE	794	93	5.561055641494399
ENSG00000159023	chr1:28883448-28884276	309	48040	TRUE	4.2575706697701434e-6	-0.49391247025173013	TRUE	794	93	0.6829981718464351
ENSG00000198492	chr1:28883448-28884276	367	43617	TRUE	5.207861498318536e-5	-0.5014610521814208	TRUE	794	93	0.6081657525898843
ENSG00000180098	chr1:28883448-28884276	146	16847	TRUE	9.224919727825222e-4	-0.5780150672204085	TRUE	794	93	0.1849341395959312
ENSG00000117748	chr1:28883448-28884276	485	57810	TRUE	0.0020302047270470483	-0.3215691394258609	TRUE	794	93	0.935658369662026
ENSG00000116353	chr1:28883448-28884276	222	24831	TRUE	0.005361466286768979	-0.4052394083886659	TRUE	794	93	0.2895420240941265
ENSG00000204138	chr1:28883448-28884276	156	18165	TRUE	0.010628418933762415	-0.44565541707480927	TRUE	794	93	0.20273754277410586
ENSG00000180198	chr1:28883448-28884276	310	35894	TRUE	0.013862741495965475	-0.4325677312563788	TRUE	794	93	0.47475741808465755
ENSG00000240750	chr1:28883448-28884276	12	1490	TRUE	0.028	-1.3078759668157645	TRUE	794	93	0.014597103079735621
ENSG00000116350	chr1:28883448-28884276	550	66118	TRUE	0.04	-0.3384956802638782	TRUE	794	93	1.2021844091313927
ENSG00000130772	chr1:28883448-28884276	56	5304	TRUE	0.084	-0.5332211122239912	FALSE	794	93	0.05356958702479726
ENSG00000197989	chr1:28883448-28884276	206	20548	TRUE	0.16	-0.4056746637576256	FALSE	794	93	0.24450382037219331
ENSG00000162419	chr1:28883448-28884276	39	5472	TRUE	0.2	0.17142728623957204	FALSE	794	93	0.05565086954483664
ENSG00000158161	chr1:28883448-28884276	126	16051	TRUE	0.212	-0.29203989018638143	FALSE	794	93	0.17926217597149954
ENSG00000270605	chr1:28883448-28884276	30	4662	TRUE	0.296	-0.0986208145405314	FALSE	794	93	0.04706323536305255
ENSG00000130766	chr1:28883448-28884276	97	13053	TRUE	0.352	-0.14823649699189456	FALSE	794	93	0.14614915858060282
ENSG00000120656	chr1:28883448-28884276	347	43853	TRUE	0.368	-0.18598504780900227	FALSE	794	93	0.6082876294942109
ENSG00000228589	chr1:28883448-28884276	17	1508	TRUE	0.964	-0.07554337959719959	FALSE	794	93	0.015272113626775418
ENSG00000242125	chr1:28883448-28884276	777	98302	TRUE	1.5983331322068965e-23	-0.5189924954295035	TRUE	794	94	5.561055641494399
ENSG00000130770	chr1:28883448-28884276	790	101767	TRUE	3.075702706924802e-13	-0.3524060460097722	TRUE	794	94	10.547480429381709
ENSG00000120656	chr1:28883448-28884276	347	43853	TRUE	1.976573327004791e-6	-0.47198060208610726	TRUE	794	94	0.6082876294942109
ENSG00000197989	chr1:28883448-28884276	206	20548	TRUE	3.158115788560664e-5	-0.7467115815926926	TRUE	794	94	0.24450382037219331
ENSG00000159023	chr1:28883448-28884276	309	48040	TRUE	5.087655985077863e-5	-0.4542936407858098	TRUE	794	94	0.6829981718464351
ENSG00000116350	chr1:28883448-28884276	550	66118	TRUE	1.2647165360629188e-4	-0.43028815618336863	TRUE	794	94	1.2021844091313927
ENSG00000130772	chr1:28883448-28884276	56	5304	TRUE	7.64109318739839e-4	-1.1181836129451472	TRUE	794	94	0.05356958702479726
ENSG00000126698	chr1:28883448-28884276	671	81443	TRUE	8e-4	-0.3550367604679847	TRUE	794	94	2.092757699339052
ENSG00000117748	chr1:28883448-28884276	485	57810	TRUE	0.0031961505820865058	-0.2884022754906615	TRUE	794	94	0.935658369662026
ENSG00000180098	chr1:28883448-28884276	146	16847	TRUE	0.004195350625373968	-0.5121271315639513	TRUE	794	94	0.1849341395959312
ENSG00000162419	chr1:28883448-28884276	39	5472	TRUE	0.032	-0.6292639055370213	TRUE	794	94	0.05565086954483664
ENSG00000116353	chr1:28883448-28884276	222	24831	TRUE	0.04	-0.3300820488199263	TRUE	794	94	0.2895420240941265
ENSG00000130766	chr1:28883448-28884276	97	13053	TRUE	0.048	-0.3095174040249553	TRUE	794	94	0.14614915858060282
ENSG00000270605	chr1:28883448-28884276	30	4662	TRUE	0.076	-0.3437333123770623	FALSE	794	94	0.04706323536305255
ENSG00000198492	chr1:28883448-28884276	367	43617	TRUE	0.176	-0.2668084477174495	FALSE	794	94	0.6081657525898843
ENSG00000228589	chr1:28883448-28884276	17	1508	TRUE	0.32	0.33949411968164434	FALSE	794	94	0.015272113626775418
ENSG00000240750	chr1:28883448-28884276	12	1490	TRUE	0.424	0.17755086035447754	FALSE	794	94	0.014597103079735621
ENSG00000204138	chr1:28883448-28884276	156	18165	TRUE	0.568	-0.19772790363122406	FALSE	794	94	0.20273754277410586
ENSG00000180198	chr1:28883448-28884276	310	35894	TRUE	0.612	-0.17396557173784555	FALSE	794	94	0.47475741808465755
ENSG00000158161	chr1:28883448-28884276	126	16051	TRUE	0.876	-0.12854115790350207	FALSE	794	94	0.17926217597149954
ENSG00000242125	chr1:28883448-28884276	777	98302	TRUE	2.1652456911280027e-26	-0.5466404252415566	TRUE	794	95	5.561055641494399
ENSG00000130770	chr1:28883448-28884276	790	101767	TRUE	7.159572504123942e-10	-0.3102290072364915	TRUE	794	95	10.547480429381709
ENSG00000126698	chr1:28883448-28884276	671	81443	TRUE	1.2048085711911707e-5	-0.3788016636362235	TRUE	794	95	2.092757699339052
ENSG00000159023	chr1:28883448-28884276	309	48040	TRUE	3.249547292571075e-4	-0.42527756692564067	TRUE	794	95	0.6829981718464351
ENSG00000116350	chr1:28883448-28884276	550	66118	TRUE	4e-4	-0.5683183070758143	TRUE	794	95	1.2021844091313927
ENSG00000130766	chr1:28883448-28884276	97	13053	TRUE	0.00656196463729837	-0.439285278995285	TRUE	794	95	0.14614915858060282
ENSG00000120656	chr1:28883448-28884276	347	43853	TRUE	0.008694009103333573	-0.301198638907348	TRUE	794	95	0.6082876294942109
ENSG00000117748	chr1:28883448-28884276	485	57810	TRUE	0.03124309936256034	-0.24745672549174552	TRUE	794	95	0.935658369662026
ENSG00000180098	chr1:28883448-28884276	146	16847	TRUE	0.044	-0.4006188163469613	TRUE	794	95	0.1849341395959312
ENSG00000198492	chr1:28883448-28884276	367	43617	TRUE	0.06	-0.31209855822832633	FALSE	794	95	0.6081657525898843
ENSG00000130772	chr1:28883448-28884276	56	5304	TRUE	0.068	-0.5776152315824445	FALSE	794	95	0.05356958702479726
ENSG00000204138	chr1:28883448-28884276	156	18165	TRUE	0.08	-0.3476233341142825	FALSE	794	95	0.20273754277410586
ENSG00000270605	chr1:28883448-28884276	30	4662	TRUE	0.116	-0.3437333123770623	FALSE	794	95	0.04706323536305255
ENSG00000158161	chr1:28883448-28884276	126	16051	TRUE	0.176	-0.29203989018638143	FALSE	794	95	0.17926217597149954
ENSG00000197989	chr1:28883448-28884276	206	20548	TRUE	0.192	-0.3640955600062261	FALSE	794	95	0.24450382037219331
ENSG00000240750	chr1:28883448-28884276	12	1490	TRUE	0.292	0.3701959382968729	FALSE	794	95	0.014597103079735621
ENSG00000180198	chr1:28883448-28884276	310	35894	TRUE	0.412	-0.317771512216276	FALSE	794	95	0.47475741808465755
ENSG00000228589	chr1:28883448-28884276	17	1508	TRUE	0.612	0.14684904173924895	FALSE	794	95	0.015272113626775418
ENSG00000162419	chr1:28883448-28884276	39	5472	TRUE	0.684	-0.19114279314513638	FALSE	794	95	0.05565086954483664
ENSG00000116353	chr1:28883448-28884276	222	24831	TRUE	0.704	-0.057316104968358816	FALSE	794	95	0.2895420240941265
ENSG00000242125	chr1:28883448-28884276	777	98302	TRUE	2.9816730824345284e-10	-0.34169683462082734	TRUE	794	96	5.561055641494399
ENSG00000130770	chr1:28883448-28884276	790	101767	TRUE	1.5464171468036194e-7	-0.28050601703056133	TRUE	794	96	10.547480429381709
ENSG00000117748	chr1:28883448-28884276	485	57810	TRUE	6.686347208369528e-7	-0.4187102978363925	TRUE	794	96	0.935658369662026
ENSG00000126698	chr1:28883448-28884276	671	81443	TRUE	0.0013905596795983424	-0.32779693496584783	TRUE	794	96	2.092757699339052
ENSG00000198492	chr1:28883448-28884276	367	43617	TRUE	0.0017012785171152157	-0.41775034579218895	TRUE	794	96	0.6081657525898843
ENSG00000180198	chr1:28883448-28884276	310	35894	TRUE	0.005742896977212211	-0.46388327172258703	TRUE	794	96	0.47475741808465755
ENSG00000120656	chr1:28883448-28884276	347	43853	TRUE	0.068	-0.24079793243838576	FALSE	794	96	0.6082876294942109
ENSG00000116350	chr1:28883448-28884276	550	66118	TRUE	0.072	-0.32374909489469184	FALSE	794	96	1.2021844091313927
ENSG00000159023	chr1:28883448-28884276	309	48040	TRUE	0.076	-0.2796722446787413	FALSE	794	96	0.6829981718464351
ENSG00000116353	chr1:28883448-28884276	222	24831	TRUE	0.08	-0.3082776785015777	FALSE	794	96	0.2895420240941265
ENSG00000204138	chr1:28883448-28884276	156	18165	TRUE	0.096	-0.32671434435130164	FALSE	794	96	0.20273754277410586
ENSG00000180098	chr1:28883448-28884276	146	16847	TRUE	0.212	-0.2860590520841053	FALSE	794	96	0.1849341395959312
ENSG00000197989	chr1:28883448-28884276	206	20548	TRUE	0.232	-0.10928166097740077	FALSE	794	96	0.24450382037219331
ENSG00000158161	chr1:28883448-28884276	126	16051	TRUE	0.236	-0.2578241748484684	FALSE	794	96	0.17926217597149954
ENSG00000240750	chr1:28883448-28884276	12	1490	TRUE	0.328	-0.6298040617031271	FALSE	794	96	0.014597103079735621
ENSG00000162419	chr1:28883448-28884276	39	5472	TRUE	0.352	0.06039597385082818	FALSE	794	96	0.05565086954483664
ENSG00000130772	chr1:28883448-28884276	56	5304	TRUE	0.432	-0.4076902301401315	FALSE	794	96	0.05356958702479726
ENSG00000130766	chr1:28883448-28884276	97	13053	TRUE	0.516	-0.054260348782880996	FALSE	794	96	0.14614915858060282
ENSG00000228589	chr1:28883448-28884276	17	1508	TRUE	0.7	-0.20107426168105835	FALSE	794	96	0.015272113626775418
ENSG00000270605	chr1:28883448-28884276	30	4662	TRUE	0.916	0.11083255108841872	FALSE	794	96	0.04706323536305255
ENSG00000130770	chr1:28883448-28884276	790	101767	TRUE	1.5190495665862725e-16	-0.4021986012417629	TRUE	794	97	10.547480429381709
ENSG00000242125	chr1:28883448-28884276	777	98302	TRUE	2.4510732217389667e-13	-0.4017442182907667	TRUE	794	97	5.561055641494399
ENSG00000159023	chr1:28883448-28884276	309	48040	TRUE	4.8306318119640135e-6	-0.48723331461410346	TRUE	794	97	0.6829981718464351
ENSG00000126698	chr1:28883448-28884276	671	81443	TRUE	4.982601075609761e-5	-0.3738182561219676	TRUE	794	97	2.092757699339052
ENSG00000116350	chr1:28883448-28884276	550	66118	TRUE	6.515669525180082e-5	-0.4390904717193682	TRUE	794	97	1.2021844091313927
ENSG00000198492	chr1:28883448-28884276	367	43617	TRUE	2.1907920825420778e-4	-0.439123996584756	TRUE	794	97	0.6081657525898843
ENSG00000120656	chr1:28883448-28884276	347	43853	TRUE	2.360067900618835e-4	-0.3678233707948154	TRUE	794	97	0.6082876294942109
ENSG00000180098	chr1:28883448-28884276	146	16847	TRUE	0.00581356810818133	-0.48659203945681373	TRUE	794	97	0.1849341395959312
ENSG00000180198	chr1:28883448-28884276	310	35894	TRUE	0.009627979142228377	-0.4503790073728394	TRUE	794	97	0.47475741808465755
ENSG00000116353	chr1:28883448-28884276	222	24831	TRUE	0.010052120280618346	-0.3898914440552299	TRUE	794	97	0.2895420240941265
ENSG00000162419	chr1:28883448-28884276	39	5472	TRUE	0.013400283879268976	-0.7761052938662925	TRUE	794	97	0.05565086954483664
ENSG00000197989	chr1:28883448-28884276	206	20548	TRUE	0.032	-0.49261030052890664	TRUE	794	97	0.24450382037219331
ENSG00000130766	chr1:28883448-28884276	97	13053	TRUE	0.048	-0.2940873634553496	TRUE	794	97	0.14614915858060282
ENSG00000130772	chr1:28883448-28884276	56	5304	TRUE	0.112	-0.5776152315824445	FALSE	794	97	0.05356958702479726
ENSG00000117748	chr1:28883448-28884276	485	57810	TRUE	0.244	-0.1952928710991801	FALSE	794	97	0.935658369662026
ENSG00000270605	chr1:28883448-28884276	30	4662	TRUE	0.572	-0.05422669518207801	FALSE	794	97	0.04706323536305255
ENSG00000228589	chr1:28883448-28884276	17	1508	TRUE	0.656	-0.20107426168105835	FALSE	794	97	0.015272113626775418
ENSG00000204138	chr1:28883448-28884276	156	18165	TRUE	0.664	-0.0793332028289937	FALSE	794	97	0.20273754277410586
ENSG00000158161	chr1:28883448-28884276	126	16051	TRUE	0.672	-0.18100857779763757	FALSE	794	97	0.17926217597149954
ENSG00000240750	chr1:28883448-28884276	12	1490	TRUE	0.744	-0.17037244306582977	FALSE	794	97	0.014597103079735621
ENSG00000242125	chr1:28883448-28884276	777	98302	TRUE	8.07507841526445e-24	-0.50644159695746	TRUE	794	98	5.561055641494399
ENSG00000130770	chr1:28883448-28884276	790	101767	TRUE	4.4939396587930656e-12	-0.3501551916492507	TRUE	794	98	10.547480429381709
ENSG00000126698	chr1:28883448-28884276	671	81443	TRUE	3.4927217683202545e-6	-0.38380234469458996	TRUE	794	98	2.092757699339052
ENSG00000120656	chr1:28883448-28884276	347	43853	TRUE	4.517168436974652e-5	-0.4264180247056635	TRUE	794	98	0.6082876294942109
ENSG00000197989	chr1:28883448-28884276	206	20548	TRUE	6.455270941687595e-4	-0.623854833807159	TRUE	794	98	0.24450382037219331
ENSG00000198492	chr1:28883448-28884276	367	43617	TRUE	0.014642585129083258	-0.35546606753784615	TRUE	794	98	0.6081657525898843
ENSG00000159023	chr1:28883448-28884276	309	48040	TRUE	0.04	-0.3117658743885946	FALSE	794	98	0.6829981718464351
ENSG00000116353	chr1:28883448-28884276	222	24831	TRUE	0.104	-0.29392238552450745	FALSE	794	98	0.2895420240941265
ENSG00000180198	chr1:28883448-28884276	310	35894	TRUE	0.12	-0.3550311307853583	FALSE	794	98	0.47475741808465755
ENSG00000270605	chr1:28883448-28884276	30	4662	TRUE	0.124	-0.2912658924829268	FALSE	794	98	0.04706323536305255
ENSG00000116350	chr1:28883448-28884276	550	66118	TRUE	0.14	-0.30431856494579035	FALSE	794	98	1.2021844091313927
ENSG00000240750	chr1:28883448-28884276	12	1490	TRUE	0.248	-0.6298040617031271	FALSE	794	98	0.014597103079735621
ENSG00000130766	chr1:28883448-28884276	97	13053	TRUE	0.268	-0.14823649699189456	FALSE	794	98	0.14614915858060282
ENSG00000162419	chr1:28883448-28884276	39	5472	TRUE	0.296	-0.37400685029494696	FALSE	794	98	0.05565086954483664
ENSG00000130772	chr1:28883448-28884276	56	5304	TRUE	0.328	-0.4483322146374782	FALSE	794	98	0.05356958702479726
ENSG00000158161	chr1:28883448-28884276	126	16051	TRUE	0.388	-0.23545636182001406	FALSE	794	98	0.17926217597149954
ENSG00000204138	chr1:28883448-28884276	156	18165	TRUE	0.408	-0.19772790363122406	FALSE	794	98	0.20273754277410586
ENSG00000180098	chr1:28883448-28884276	146	16847	TRUE	0.708	-0.1901990366765891	FALSE	794	98	0.1849341395959312
ENSG00000228589	chr1:28883448-28884276	17	1508	TRUE	0.748	0.14684904173924895	FALSE	794	98	0.015272113626775418
ENSG00000117748	chr1:28883448-28884276	485	57810	TRUE	0.96	-0.1136278743869535	FALSE	794	98	0.935658369662026
ENSG00000130770	chr1:28883448-28884276	790	101767	TRUE	1.540477933110925e-12	-0.35897402453374516	TRUE	794	99	10.547480429381709
ENSG00000126698	chr1:28883448-28884276	671	81443	TRUE	4.122115199509382e-11	-0.5006160096773399	TRUE	794	99	2.092757699339052
ENSG00000120656	chr1:28883448-28884276	347	43853	TRUE	2.0165456999538412e-5	-0.4264180247056635	TRUE	794	99	0.6082876294942109
ENSG00000197989	chr1:28883448-28884276	206	20548	TRUE	2.128103983529972e-5	-0.7574379881857509	TRUE	794	99	0.24450382037219331
ENSG00000117748	chr1:28883448-28884276	485	57810	TRUE	6.524451174719226e-5	-0.37627503151599606	TRUE	794	99	0.935658369662026
ENSG00000242125	chr1:28883448-28884276	777	98302	TRUE	1.5611849954541478e-4	-0.24505996872780855	TRUE	794	99	5.561055641494399
ENSG00000198492	chr1:28883448-28884276	367	43617	TRUE	5.743054639319924e-4	-0.41775034579218895	TRUE	794	99	0.6081657525898843
ENSG00000116350	chr1:28883448-28884276	550	66118	TRUE	0.021002456620274425	-0.3384956802638782	TRUE	794	99	1.2021844091313927
ENSG00000130766	chr1:28883448-28884276	97	13053	TRUE	0.021966478807230294	-0.3251142590759737	TRUE	794	99	0.14614915858060282
ENSG00000158161	chr1:28883448-28884276	126	16051	TRUE	0.024	-0.39984317972089656	TRUE	794	99	0.17926217597149954
ENSG00000204138	chr1:28883448-28884276	156	18165	TRUE	0.06	-0.3476233341142825	FALSE	794	99	0.20273754277410586
ENSG00000116353	chr1:28883448-28884276	222	24831	TRUE	0.18	-0.24477473619541956	FALSE	794	99	0.2895420240941265
ENSG00000159023	chr1:28883448-28884276	309	48040	TRUE	0.188	-0.2454565293408283	FALSE	794	99	0.6829981718464351
ENSG00000270605	chr1:28883448-28884276	30	4662	TRUE	0.188	-0.24063981941295864	FALSE	794	99	0.04706323536305255
ENSG00000240750	chr1:28883448-28884276	12	1490	TRUE	0.204	0.3701959382968729	FALSE	794	99	0.014597103079735621
ENSG00000130772	chr1:28883448-28884276	56	5304	TRUE	0.596	-0.32968771813885844	FALSE	794	99	0.05356958702479726
ENSG00000228589	chr1:28883448-28884276	17	1508	TRUE	0.736	-0.07554337959719959	FALSE	794	99	0.015272113626775418
ENSG00000180098	chr1:28883448-28884276	146	16847	TRUE	0.804	-0.13957296360662097	FALSE	794	99	0.1849341395959312
ENSG00000162419	chr1:28883448-28884276	39	5472	TRUE	0.856	-0.15719546122179828	FALSE	794	99	0.05565086954483664
ENSG00000180198	chr1:28883448-28884276	310	35894	TRUE	0.944	-0.24602050886665305	FALSE	794	99	0.47475741808465755
ENSG00000130770	chr1:28883448-28884276	790	101767	TRUE	1.4236988283781525e-14	-0.389115713204637	TRUE	794	100	10.547480429381709
ENSG00000242125	chr1:28883448-28884276	777	98302	TRUE	1.6509407838858592e-7	-0.30825916097673867	TRUE	794	100	5.561055641494399
ENSG00000198492	chr1:28883448-28884276	367	43617	TRUE	9.427727844456245e-4	-0.44631949798895987	TRUE	794	100	0.6081657525898843
ENSG00000180098	chr1:28883448-28884276	146	16847	TRUE	0.0013658771551593452	-0.538122340096896	TRUE	794	100	0.1849341395959312
ENSG00000158161	chr1:28883448-28884276	126	16051	TRUE	0.004120358532733265	-0.5029366726849998	TRUE	794	100	0.17926217597149954
ENSG00000126698	chr1:28883448-28884276	671	81443	TRUE	0.004891855681799909	-0.304851003299768	TRUE	794	100	2.092757699339052
ENSG00000116353	chr1:28883448-28884276	222	24831	TRUE	0.011221612265388412	-0.39754501659866515	TRUE	794	100	0.2895420240941265
ENSG00000159023	chr1:28883448-28884276	309	48040	TRUE	0.011727778772618682	-0.34157468360464804	TRUE	794	100	0.6829981718464351
ENSG00000120656	chr1:28883448-28884276	347	43853	TRUE	0.01289279331755365	-0.2909546074105449	TRUE	794	100	0.6082876294942109
ENSG00000270605	chr1:28883448-28884276	30	4662	TRUE	0.036	-0.45476462476580615	TRUE	794	100	0.04706323536305255
ENSG00000162419	chr1:28883448-28884276	39	5472	TRUE	0.052	-0.5834602159238971	TRUE	794	100	0.05565086954483664
ENSG00000180198	chr1:28883448-28884276	310	35894	TRUE	0.052	-0.4325677312563788	TRUE	794	100	0.47475741808465755
ENSG00000116350	chr1:28883448-28884276	550	66118	TRUE	0.068	-0.3335633847216476	TRUE	794	100	1.2021844091313927
ENSG00000130766	chr1:28883448-28884276	97	13053	TRUE	0.068	-0.2788206068020389	TRUE	794	100	0.14614915858060282
ENSG00000117748	chr1:28883448-28884276	485	57810	TRUE	0.144	-0.21178099388774901	FALSE	794	100	0.935658369662026
ENSG00000228589	chr1:28883448-28884276	17	1508	TRUE	0.16	-0.6605058803183557	FALSE	794	100	0.015272113626775418
ENSG00000197989	chr1:28883448-28884276	206	20548	TRUE	0.168	-0.4056746637576256	FALSE	794	100	0.24450382037219331
ENSG00000204138	chr1:28883448-28884276	156	18165	TRUE	0.24	-0.2558308581947921	FALSE	794	100	0.20273754277410586
ENSG00000130772	chr1:28883448-28884276	56	5304	TRUE	0.28	-0.4483322146374782	FALSE	794	100	0.05356958702479726
ENSG00000240750	chr1:28883448-28884276	12	1490	TRUE	0.296	-0.6298040617031271	FALSE	794	100	0.014597103079735621
ENSG00000141385	chr18:13003343-13004133	374	37945	TRUE	3.693720686163016e-5	-0.41692813951975805	TRUE	990	1	0.4954296160877514
ENSG00000175354	chr18:13003343-13004133	243	23592	TRUE	9.164602282931734e-5	-0.48214751243887277	TRUE	990	1	0.2704917264332255
ENSG00000176014	chr18:13003343-13004133	360	33804	TRUE	1.2252809020318195e-4	-0.5289739868718673	TRUE	990	1	0.4409506398537477
ENSG00000101654	chr18:13003343-13004133	279	26996	TRUE	2.161313134250466e-4	-0.4672396948254569	TRUE	990	1	0.3225331645806966
ENSG00000085415	chr18:13003343-13004133	260	23272	TRUE	2.5701768188088336e-4	-0.5585533751550726	TRUE	990	1	0.2692542070969859
ENSG00000177150	chr18:13003343-13004133	221	18475	TRUE	0.056	-0.42773162555984223	FALSE	990	1	0.2070032344255379
ENSG00000141391	chr18:13003343-13004133	24	1626	TRUE	0.244	0.14332780489978703	FALSE	990	1	0.016509632963015046
ENSG00000128789	chr18:13003343-13004133	511	52878	TRUE	0.284	-0.06824565274808869	FALSE	990	1	0.8118408100126564
ENSG00000101639	chr18:13003343-13004133	77	7005	TRUE	0.36	-0.21940506641838242	FALSE	990	1	0.07166361974405851
ENSG00000267199	chr18:13003343-13004133	7	437	TRUE	0.844	-0.03553442934391082	FALSE	990	1	0.00437819340927202
ENSG00000134278	chr18:13003343-13004133	32	2971	TRUE	0.936	-0.17304804757307224	FALSE	990	1	0.030300473444897575
ENSG00000101624	chr18:13003343-13004133	67	6529	TRUE	0.94	-0.12969344539466032	FALSE	990	1	0.06680729386396662
ENSG00000128789	chr18:13003343-13004133	511	52878	TRUE	4.035582029482677e-13	-0.5008313532377799	TRUE	990	2	0.8118408100126564
ENSG00000141385	chr18:13003343-13004133	374	37945	TRUE	2.0318594598740867e-6	-0.4795837473695258	TRUE	990	2	0.4954296160877514
ENSG00000175354	chr18:13003343-13004133	243	23592	TRUE	3.159834825473169e-4	-0.4266523998471692	TRUE	990	2	0.2704917264332255
ENSG00000176014	chr18:13003343-13004133	360	33804	TRUE	4.791832819205303e-4	-0.4753053220782819	TRUE	990	2	0.4409506398537477
ENSG00000177150	chr18:13003343-13004133	221	18475	TRUE	0.0015185035541751477	-0.5668943732314675	TRUE	990	2	0.2070032344255379
ENSG00000134278	chr18:13003343-13004133	32	2971	TRUE	0.023195788216801516	-0.7831015292570598	TRUE	990	2	0.030300473444897575
ENSG00000101624	chr18:13003343-13004133	67	6529	TRUE	0.02510137316293129	-0.5974724067454775	TRUE	990	2	0.06680729386396662
ENSG00000267199	chr18:13003343-13004133	7	437	TRUE	0.08	-2.035534429343911	FALSE	990	2	0.00437819340927202
ENSG00000101654	chr18:13003343-13004133	279	26996	TRUE	0.164	-0.2440263943539811	FALSE	990	2	0.3225331645806966
ENSG00000141391	chr18:13003343-13004133	24	1626	TRUE	0.296	-0.5936377892664195	FALSE	990	2	0.016509632963015046
ENSG00000101639	chr18:13003343-13004133	77	7005	TRUE	0.484	-0.17431717688984394	FALSE	990	2	0.07166361974405851
ENSG00000085415	chr18:13003343-13004133	260	23272	TRUE	0.516	-0.2280801711347018	FALSE	990	2	0.2692542070969859
ENSG00000176014	chr18:13003343-13004133	360	33804	TRUE	8.67959610842883e-5	-0.4957115327401189	TRUE	990	3	0.4409506398537477
ENSG00000085415	chr18:13003343-13004133	260	23272	TRUE	3.447730140980487e-4	-0.5232779004075425	TRUE	990	3	0.2692542070969859
ENSG00000101654	chr18:13003343-13004133	279	26996	TRUE	3.4553817705648666e-4	-0.46150332527631255	TRUE	990	3	0.3225331645806966
ENSG00000141385	chr18:13003343-13004133	374	37945	TRUE	0.0010016532951886313	-0.38482729635273405	TRUE	990	3	0.4954296160877514
ENSG00000128789	chr18:13003343-13004133	511	52878	TRUE	0.044	-0.11767086976093144	FALSE	990	3	0.8118408100126564
ENSG00000101639	chr18:13003343-13004133	77	7005	TRUE	0.096	-0.4153252763936388	FALSE	990	3	0.07166361974405851
ENSG00000177150	chr18:13003343-13004133	221	18475	TRUE	0.212	-0.32378066152093377	FALSE	990	3	0.2070032344255379
ENSG00000175354	chr18:13003343-13004133	243	23592	TRUE	0.284	-0.21205834907112853	FALSE	990	3	0.2704917264332255
ENSG00000267199	chr18:13003343-13004133	7	437	TRUE	0.424	-0.45057192862275475	FALSE	990	3	0.00437819340927202
ENSG00000134278	chr18:13003343-13004133	32	2971	TRUE	0.532	-0.27614154053717677	FALSE	990	3	0.030300473444897575
ENSG00000101624	chr18:13003343-13004133	67	6529	TRUE	0.872	-0.1747813349231988	FALSE	990	3	0.06680729386396662
ENSG00000141391	chr18:13003343-13004133	24	1626	TRUE	0.976	-0.0911374487372365	FALSE	990	3	0.016509632963015046
ENSG00000128789	chr18:13003343-13004133	511	52878	TRUE	2.0414777232815196e-4	-0.2281607896279106	TRUE	990	4	0.8118408100126564
ENSG00000175354	chr18:13003343-13004133	243	23592	TRUE	0.001244595654584707	-0.39302162196588886	TRUE	990	4	0.2704917264332255
ENSG00000141385	chr18:13003343-13004133	374	37945	TRUE	0.0016602985961131633	-0.36034461115339067	TRUE	990	4	0.4954296160877514
ENSG00000101654	chr18:13003343-13004133	279	26996	TRUE	0.003486441492294448	-0.36196765172539824	TRUE	990	4	0.3225331645806966
ENSG00000177150	chr18:13003343-13004133	221	18475	TRUE	0.028	-0.4112435027712733	TRUE	990	4	0.2070032344255379
ENSG00000101624	chr18:13003343-13004133	67	6529	TRUE	0.052	-0.47963591645161907	TRUE	990	4	0.06680729386396662
ENSG00000176014	chr18:13003343-13004133	360	33804	TRUE	0.052	-0.35858171577659914	TRUE	990	4	0.4409506398537477
ENSG00000141391	chr18:13003343-13004133	24	1626	TRUE	0.112	-0.7191686713502783	FALSE	990	4	0.016509632963015046
ENSG00000085415	chr18:13003343-13004133	260	23272	TRUE	0.176	-0.2860275203439815	FALSE	990	4	0.2692542070969859
ENSG00000267199	chr18:13003343-13004133	7	437	TRUE	0.188	0.7718204927136938	FALSE	990	4	0.00437819340927202
ENSG00000134278	chr18:13003343-13004133	32	2971	TRUE	0.288	-0.4460665419794889	FALSE	990	4	0.030300473444897575
ENSG00000101639	chr18:13003343-13004133	77	7005	TRUE	0.776	-0.04693787041361652	FALSE	990	4	0.07166361974405851
ENSG00000176014	chr18:13003343-13004133	360	33804	TRUE	3.8231874829382055e-4	-0.46319871922162825	TRUE	990	5	0.4409506398537477
ENSG00000141385	chr18:13003343-13004133	374	37945	TRUE	0.001962916286018128	-0.3396851405872975	TRUE	990	5	0.4954296160877514
ENSG00000175354	chr18:13003343-13004133	243	23592	TRUE	0.036	-0.30908280346599315	FALSE	990	5	0.2704917264332255
ENSG00000085415	chr18:13003343-13004133	260	23272	TRUE	0.056	-0.36501581649081016	FALSE	990	5	0.2692542070969859
ENSG00000177150	chr18:13003343-13004133	221	18475	TRUE	0.088	-0.403069571325573	FALSE	990	5	0.2070032344255379
ENSG00000101639	chr18:13003343-13004133	77	7005	TRUE	0.092	-0.36379497575355657	FALSE	990	5	0.07166361974405851
ENSG00000134278	chr18:13003343-13004133	32	2971	TRUE	0.108	-0.6387116199218843	FALSE	990	5	0.030300473444897575
ENSG00000101654	chr18:13003343-13004133	279	26996	TRUE	0.224	-0.2293298831472792	FALSE	990	5	0.3225331645806966
ENSG00000128789	chr18:13003343-13004133	511	52878	TRUE	0.288	-0.07761992251323574	FALSE	990	5	0.8118408100126564
ENSG00000267199	chr18:13003343-13004133	7	437	TRUE	0.58	-0.45057192862275475	FALSE	990	5	0.00437819340927202
ENSG00000141391	chr18:13003343-13004133	24	1626	TRUE	0.78	-0.0911374487372365	FALSE	990	5	0.016509632963015046
ENSG00000101624	chr18:13003343-13004133	67	6529	TRUE	0.824	-0.12969344539466032	FALSE	990	5	0.06680729386396662
ENSG00000128789	chr18:13003343-13004133	511	52878	TRUE	5.635988789396479e-13	-0.47582734710788527	TRUE	990	6	0.8118408100126564
ENSG00000176014	chr18:13003343-13004133	360	33804	TRUE	2.0569421487817794e-4	-0.47125848901558	TRUE	990	6	0.4409506398537477
ENSG00000175354	chr18:13003343-13004133	243	23592	TRUE	0.0029167508243897536	-0.39302162196588886	TRUE	990	6	0.2704917264332255
ENSG00000177150	chr18:13003343-13004133	221	18475	TRUE	0.003568971567967344	-0.5043529071627546	TRUE	990	6	0.2070032344255379
ENSG00000085415	chr18:13003343-13004133	260	23272	TRUE	0.028	-0.42234899155676153	TRUE	990	6	0.2692542070969859
ENSG00000101654	chr18:13003343-13004133	279	26996	TRUE	0.036	-0.30435692855530294	TRUE	990	6	0.3225331645806966
ENSG00000141385	chr18:13003343-13004133	374	37945	TRUE	0.116	-0.25021269455333595	FALSE	990	6	0.4954296160877514
ENSG00000267199	chr18:13003343-13004133	7	437	TRUE	0.28	0.7718204927136938	FALSE	990	6	0.00437819340927202
ENSG00000134278	chr18:13003343-13004133	32	2971	TRUE	0.308	-0.4460665419794889	FALSE	990	6	0.030300473444897575
ENSG00000101624	chr18:13003343-13004133	67	6529	TRUE	0.416	-0.26941820906127356	FALSE	990	6	0.06680729386396662
ENSG00000101639	chr18:13003343-13004133	77	7005	TRUE	0.612	-0.13059579946052624	FALSE	990	6	0.07166361974405851
ENSG00000141391	chr18:13003343-13004133	24	1626	TRUE	0.896	-0.1786002899875756	FALSE	990	6	0.016509632963015046
ENSG00000141385	chr18:13003343-13004133	374	37945	TRUE	3.803969556363962e-11	-0.6261561016577583	TRUE	990	7	0.4954296160877514
ENSG00000101654	chr18:13003343-13004133	279	26996	TRUE	1.0802365908293304e-4	-0.4729989641141419	TRUE	990	7	0.3225331645806966
ENSG00000176014	chr18:13003343-13004133	360	33804	TRUE	0.0010297856872890782	-0.459185656715005	TRUE	990	7	0.4409506398537477
ENSG00000101639	chr18:13003343-13004133	77	7005	TRUE	0.0026569129575422235	-0.6731230338612857	TRUE	990	7	0.07166361974405851
ENSG00000085415	chr18:13003343-13004133	260	23272	TRUE	0.017953961418263165	-0.40298366668983077	TRUE	990	7	0.2692542070969859
ENSG00000128789	chr18:13003343-13004133	511	52878	TRUE	0.024	-0.1728626561931178	TRUE	990	7	0.8118408100126564
ENSG00000101624	chr18:13003343-13004133	67	6529	TRUE	0.12	-0.3707015448984552	FALSE	990	7	0.06680729386396662
ENSG00000177150	chr18:13003343-13004133	221	18475	TRUE	0.128	-0.36288048120987426	FALSE	990	7	0.2070032344255379
ENSG00000134278	chr18:13003343-13004133	32	2971	TRUE	0.136	0.21689847074294022	FALSE	990	7	0.030300473444897575
ENSG00000175354	chr18:13003343-13004133	243	23592	TRUE	0.196	-0.24168351818040645	FALSE	990	7	0.2704917264332255
ENSG00000267199	chr18:13003343-13004133	7	437	TRUE	0.524	-0.45057192862275475	FALSE	990	7	0.00437819340927202
ENSG00000141391	chr18:13003343-13004133	24	1626	TRUE	0.86	-0.1786002899875756	FALSE	990	7	0.016509632963015046
ENSG00000141385	chr18:13003343-13004133	374	37945	TRUE	3.178611250498754e-5	-0.42778913215152514	TRUE	990	8	0.4954296160877514
ENSG00000128789	chr18:13003343-13004133	511	52878	TRUE	5.211911680188469e-4	-0.21568784414774617	TRUE	990	8	0.8118408100126564
ENSG00000101639	chr18:13003343-13004133	77	7005	TRUE	5.290472914058139e-4	-0.6731230338612857	TRUE	990	8	0.07166361974405851
ENSG00000176014	chr18:13003343-13004133	360	33804	TRUE	8.334179425148053e-4	-0.43533891476063724	TRUE	990	8	0.4409506398537477
ENSG00000177150	chr18:13003343-13004133	221	18475	TRUE	0.008269030622336637	-0.49563569006164565	TRUE	990	8	0.2070032344255379
ENSG00000134278	chr18:13003343-13004133	32	2971	TRUE	0.08	-0.7091009478132824	FALSE	990	8	0.030300473444897575
ENSG00000085415	chr18:13003343-13004133	260	23272	TRUE	0.104	-0.34024791134186794	FALSE	990	8	0.2692542070969859
ENSG00000101654	chr18:13003343-13004133	279	26996	TRUE	0.424	-0.19085573533264366	FALSE	990	8	0.3225331645806966
ENSG00000267199	chr18:13003343-13004133	7	437	TRUE	0.44	-0.45057192862275475	FALSE	990	8	0.00437819340927202
ENSG00000175354	chr18:13003343-13004133	243	23592	TRUE	0.504	-0.15457285441036817	FALSE	990	8	0.2704917264332255
ENSG00000141391	chr18:13003343-13004133	24	1626	TRUE	0.744	-0.008675288545263449	FALSE	990	8	0.016509632963015046
ENSG00000101624	chr18:13003343-13004133	67	6529	TRUE	0.848	-0.10766713906466174	FALSE	990	8	0.06680729386396662
ENSG00000101654	chr18:13003343-13004133	279	26996	TRUE	5.8532798742842295e-6	-0.5622663022112293	TRUE	990	9	0.3225331645806966
ENSG00000128789	chr18:13003343-13004133	511	52878	TRUE	4.180497212844122e-5	-0.2598232537339849	TRUE	990	9	0.8118408100126564
ENSG00000175354	chr18:13003343-13004133	243	23592	TRUE	5.273924347847772e-5	-0.5252162343307585	TRUE	990	9	0.2704917264332255
ENSG00000177150	chr18:13003343-13004133	221	18475	TRUE	7.595663478976375e-4	-0.6038885807136691	TRUE	990	9	0.2070032344255379
ENSG00000101624	chr18:13003343-13004133	67	6529	TRUE	0.014993112627912447	-0.5974724067454775	TRUE	990	9	0.06680729386396662
ENSG00000267199	chr18:13003343-13004133	7	437	TRUE	0.064	-2.035534429343911	FALSE	990	9	0.00437819340927202
ENSG00000141391	chr18:13003343-13004133	24	1626	TRUE	0.192	0.2808313286497217	FALSE	990	9	0.016509632963015046
ENSG00000141385	chr18:13003343-13004133	374	37945	TRUE	0.216	-0.1996974232990888	FALSE	990	9	0.4954296160877514
ENSG00000134278	chr18:13003343-13004133	32	2971	TRUE	0.248	-0.4460665419794889	FALSE	990	9	0.030300473444897575
ENSG00000176014	chr18:13003343-13004133	360	33804	TRUE	0.588	-0.2367932353785569	FALSE	990	9	0.4409506398537477
ENSG00000101639	chr18:13003343-13004133	77	7005	TRUE	0.668	-0.1092221486679592	FALSE	990	9	0.07166361974405851
ENSG00000085415	chr18:13003343-13004133	260	23272	TRUE	0.856	-0.15606892621931356	FALSE	990	9	0.2692542070969859
ENSG00000128789	chr18:13003343-13004133	511	52878	TRUE	1.3281374856110423e-5	-0.26409790883431056	TRUE	990	10	0.8118408100126564
ENSG00000141385	chr18:13003343-13004133	374	37945	TRUE	2.4577337024240305e-4	-0.3954484121093066	TRUE	990	10	0.4954296160877514
ENSG00000101654	chr18:13003343-13004133	279	26996	TRUE	2.7311623373716537e-4	-0.46150332527631255	TRUE	990	10	0.3225331645806966
ENSG00000176014	chr18:13003343-13004133	360	33804	TRUE	0.0042413709019221615	-0.4235617469842834	TRUE	990	10	0.4409506398537477
ENSG00000175354	chr18:13003343-13004133	243	23592	TRUE	0.0046939881745505785	-0.3732131408857089	TRUE	990	10	0.2704917264332255
ENSG00000141391	chr18:13003343-13004133	24	1626	TRUE	0.008158127646410884	-1.5936377892664195	TRUE	990	10	0.016509632963015046
ENSG00000085415	chr18:13003343-13004133	260	23272	TRUE	0.04	-0.36501581649081016	TRUE	990	10	0.2692542070969859
ENSG00000177150	chr18:13003343-13004133	221	18475	TRUE	0.316	-0.28571262068741454	FALSE	990	10	0.2070032344255379
ENSG00000101639	chr18:13003343-13004133	77	7005	TRUE	0.58	-0.15229087055984536	FALSE	990	10	0.07166361974405851
ENSG00000134278	chr18:13003343-13004133	32	2971	TRUE	0.588	-0.22367412064304038	FALSE	990	10	0.030300473444897575
ENSG00000267199	chr18:13003343-13004133	7	437	TRUE	0.664	0.2863936655434518	FALSE	990	10	0.00437819340927202
ENSG00000101624	chr18:13003343-13004133	67	6529	TRUE	0.956	-0.10766713906466174	FALSE	990	10	0.06680729386396662
ENSG00000128789	chr18:13003343-13004133	511	52878	TRUE	3.966032213370042e-10	-0.38923966211179456	TRUE	990	11	0.8118408100126564
ENSG00000141385	chr18:13003343-13004133	374	37945	TRUE	1.3362492801572822e-6	-0.5061954776168452	TRUE	990	11	0.4954296160877514
ENSG00000175354	chr18:13003343-13004133	243	23592	TRUE	3.748741906705903e-4	-0.43347366570318324	TRUE	990	11	0.2704917264332255
ENSG00000176014	chr18:13003343-13004133	360	33804	TRUE	0.004139080196165497	-0.4157633764238764	TRUE	990	11	0.4409506398537477
ENSG00000101654	chr18:13003343-13004133	279	26996	TRUE	0.052	-0.2992318963774354	FALSE	990	11	0.3225331645806966
ENSG00000141391	chr18:13003343-13004133	24	1626	TRUE	0.056	-1.0086752885452634	FALSE	990	11	0.016509632963015046
ENSG00000101624	chr18:13003343-13004133	67	6529	TRUE	0.096	-0.4516215402820225	FALSE	990	11	0.06680729386396662
ENSG00000101639	chr18:13003343-13004133	77	7005	TRUE	0.16	-0.338703994790726	FALSE	990	11	0.07166361974405851
ENSG00000085415	chr18:13003343-13004133	260	23272	TRUE	0.304	-0.2567629258387867	FALSE	990	11	0.2692542070969859
ENSG00000267199	chr18:13003343-13004133	7	437	TRUE	0.38	0.5494280713772453	FALSE	990	11	0.00437819340927202
ENSG00000134278	chr18:13003343-13004133	32	2971	TRUE	0.476	-0.27614154053717677	FALSE	990	11	0.030300473444897575
ENSG00000177150	chr18:13003343-13004133	221	18475	TRUE	0.532	-0.25596527729336227	FALSE	990	11	0.2070032344255379
ENSG00000141385	chr18:13003343-13004133	374	37945	TRUE	9.581685729562611e-4	-0.36729737179515765	TRUE	990	12	0.4954296160877514
ENSG00000128789	chr18:13003343-13004133	511	52878	TRUE	0.0011896646724301428	-0.2012710713788719	TRUE	990	12	0.8118408100126564
ENSG00000177150	chr18:13003343-13004133	221	18475	TRUE	0.01253830426369723	-0.48697082893451826	TRUE	990	12	0.2070032344255379
ENSG00000085415	chr18:13003343-13004133	260	23272	TRUE	0.015544642105137306	-0.3712748069624925	TRUE	990	12	0.2692542070969859
ENSG00000175354	chr18:13003343-13004133	243	23592	TRUE	0.064	-0.2658296055121092	FALSE	990	12	0.2704917264332255
ENSG00000101654	chr18:13003343-13004133	279	26996	TRUE	0.072	-0.28396513972412474	FALSE	990	12	0.3225331645806966
ENSG00000267199	chr18:13003343-13004133	7	437	TRUE	0.1	-2.035534429343911	FALSE	990	12	0.00437819340927202
ENSG00000176014	chr18:13003343-13004133	360	33804	TRUE	0.272	-0.2928272702928849	FALSE	990	12	0.4409506398537477
ENSG00000134278	chr18:13003343-13004133	32	2971	TRUE	0.32	-0.4460665419794889	FALSE	990	12	0.030300473444897575
ENSG00000141391	chr18:13003343-13004133	24	1626	TRUE	0.9	-0.0911374487372365	FALSE	990	12	0.016509632963015046
ENSG00000101624	chr18:13003343-13004133	67	6529	TRUE	0.908	-0.08597206796534262	FALSE	990	12	0.06680729386396662
ENSG00000101639	chr18:13003343-13004133	77	7005	TRUE	0.98	-0.04693787041361652	FALSE	990	12	0.07166361974405851
ENSG00000141385	chr18:13003343-13004133	374	37945	TRUE	0.007666078298815576	-0.32269206967399244	TRUE	990	13	0.4954296160877514
ENSG00000176014	chr18:13003343-13004133	360	33804	TRUE	0.010252723555170373	-0.3736099250089311	TRUE	990	13	0.4409506398537477
ENSG00000101654	chr18:13003343-13004133	279	26996	TRUE	0.011555213298150555	-0.36196765172539824	TRUE	990	13	0.3225331645806966
ENSG00000085415	chr18:13003343-13004133	260	23272	TRUE	0.018217557153552555	-0.3902163706159527	TRUE	990	13	0.2692542070969859
ENSG00000128789	chr18:13003343-13004133	511	52878	TRUE	0.04	-0.12737295771033524	TRUE	990	13	0.8118408100126564
ENSG00000177150	chr18:13003343-13004133	221	18475	TRUE	0.068	-0.394941690442173	FALSE	990	13	0.2070032344255379
ENSG00000141391	chr18:13003343-13004133	24	1626	TRUE	0.08	-0.856672195100213	FALSE	990	13	0.016509632963015046
ENSG00000101639	chr18:13003343-13004133	77	7005	TRUE	0.092	-0.338703994790726	FALSE	990	13	0.07166361974405851
ENSG00000267199	chr18:13003343-13004133	7	437	TRUE	0.268	0.7718204927136938	FALSE	990	13	0.00437819340927202
ENSG00000134278	chr18:13003343-13004133	32	2971	TRUE	0.3	-0.4460665419794889	FALSE	990	13	0.030300473444897575
ENSG00000175354	chr18:13003343-13004133	243	23592	TRUE	0.34	-0.21793491540779786	FALSE	990	13	0.2704917264332255
ENSG00000101624	chr18:13003343-13004133	67	6529	TRUE	0.612	-0.19786494803623977	FALSE	990	13	0.06680729386396662
ENSG00000101654	chr18:13003343-13004133	279	26996	TRUE	3.1669033925441786e-7	-0.5870342073601715	TRUE	990	14	0.3225331645806966
ENSG00000176014	chr18:13003343-13004133	360	33804	TRUE	1.588660771474073e-5	-0.5247739983425816	TRUE	990	14	0.4409506398537477
ENSG00000128789	chr18:13003343-13004133	511	52878	TRUE	1.9132353771589327e-5	-0.281324322944907	TRUE	990	14	0.8118408100126564
ENSG00000175354	chr18:13003343-13004133	243	23592	TRUE	7.874713691167975e-4	-0.40638000482090786	TRUE	990	14	0.2704917264332255
ENSG00000141385	chr18:13003343-13004133	374	37945	TRUE	0.028	-0.3025611145677579	TRUE	990	14	0.4954296160877514
ENSG00000134278	chr18:13003343-13004133	32	2971	TRUE	0.052	0.29089905218671763	FALSE	990	14	0.030300473444897575
ENSG00000085415	chr18:13003343-13004133	260	23272	TRUE	0.132	-0.2979016206322731	FALSE	990	14	0.2692542070969859
ENSG00000141391	chr18:13003343-13004133	24	1626	TRUE	0.236	-0.5936377892664195	FALSE	990	14	0.016509632963015046
ENSG00000267199	chr18:13003343-13004133	7	437	TRUE	0.36	-1.0355344293439108	FALSE	990	14	0.00437819340927202
ENSG00000101639	chr18:13003343-13004133	77	7005	TRUE	0.376	-0.19668498991829875	FALSE	990	14	0.07166361974405851
ENSG00000177150	chr18:13003343-13004133	221	18475	TRUE	0.472	-0.25596527729336227	FALSE	990	14	0.2070032344255379
ENSG00000101624	chr18:13003343-13004133	67	6529	TRUE	0.732	-0.06459841717277559	FALSE	990	14	0.06680729386396662
ENSG00000141385	chr18:13003343-13004133	374	37945	TRUE	0.0016162696465791722	-0.37778974561279977	TRUE	990	15	0.4954296160877514
ENSG00000101654	chr18:13003343-13004133	279	26996	TRUE	0.0028618196227953654	-0.37808731708867493	TRUE	990	15	0.3225331645806966
ENSG00000177150	chr18:13003343-13004133	221	18475	TRUE	0.006314314675623524	-0.5043529071627546	TRUE	990	15	0.2070032344255379
ENSG00000085415	chr18:13003343-13004133	260	23272	TRUE	0.01324670860222929	-0.3965858954916799	TRUE	990	15	0.2692542070969859
ENSG00000128789	chr18:13003343-13004133	511	52878	TRUE	0.04	-0.14895003624878966	TRUE	990	15	0.8118408100126564
ENSG00000175354	chr18:13003343-13004133	243	23592	TRUE	0.052	-0.2842081348269636	FALSE	990	15	0.2704917264332255
ENSG00000267199	chr18:13003343-13004133	7	437	TRUE	0.208	-1.0355344293439108	FALSE	990	15	0.00437819340927202
ENSG00000176014	chr18:13003343-13004133	360	33804	TRUE	0.288	-0.2680441693629967	FALSE	990	15	0.4409506398537477
ENSG00000101624	chr18:13003343-13004133	67	6529	TRUE	0.304	-0.26941820906127356	FALSE	990	15	0.06680729386396662
ENSG00000141391	chr18:13003343-13004133	24	1626	TRUE	0.328	0.14332780489978703	FALSE	990	15	0.016509632963015046
ENSG00000101639	chr18:13003343-13004133	77	7005	TRUE	0.868	-0.06740197297333239	FALSE	990	15	0.07166361974405851
ENSG00000134278	chr18:13003343-13004133	32	2971	TRUE	0.932	-0.07683273231377008	FALSE	990	15	0.030300473444897575
ENSG00000128789	chr18:13003343-13004133	511	52878	TRUE	5.673020223538791e-12	-0.4488143954701656	TRUE	990	16	0.8118408100126564
ENSG00000176014	chr18:13003343-13004133	360	33804	TRUE	2.5038425315737287e-5	-0.5331862381587817	TRUE	990	16	0.4409506398537477
ENSG00000175354	chr18:13003343-13004133	243	23592	TRUE	5.303336612010642e-5	-0.5035211632314398	TRUE	990	16	0.2704917264332255
ENSG00000101654	chr18:13003343-13004133	279	26996	TRUE	4.796474635794532e-4	-0.4500985620040632	TRUE	990	16	0.3225331645806966
ENSG00000101624	chr18:13003343-13004133	67	6529	TRUE	0.004147106771746595	-0.7257965037210172	TRUE	990	16	0.06680729386396662
ENSG00000141385	chr18:13003343-13004133	374	37945	TRUE	0.024	-0.3431079062280865	TRUE	990	16	0.4954296160877514
ENSG00000177150	chr18:13003343-13004133	221	18475	TRUE	0.124	-0.3315163103005392	FALSE	990	16	0.2070032344255379
ENSG00000085415	chr18:13003343-13004133	260	23272	TRUE	0.548	-0.2224114210480097	FALSE	990	16	0.2692542070969859
ENSG00000267199	chr18:13003343-13004133	7	437	TRUE	0.6	0.5494280713772453	FALSE	990	16	0.00437819340927202
ENSG00000134278	chr18:13003343-13004133	32	2971	TRUE	0.7	-0.27614154053717677	FALSE	990	16	0.030300473444897575
ENSG00000141391	chr18:13003343-13004133	24	1626	TRUE	0.772	-0.2717096943790569	FALSE	990	16	0.016509632963015046
ENSG00000101639	chr18:13003343-13004133	77	7005	TRUE	0.848	-0.06740197297333239	FALSE	990	16	0.07166361974405851
ENSG00000128789	chr18:13003343-13004133	511	52878	TRUE	1.0216112140744185e-8	-0.3614946716288903	TRUE	990	17	0.8118408100126564
ENSG00000141385	chr18:13003343-13004133	374	37945	TRUE	1.4132008045289511e-6	-0.5023636160258184	TRUE	990	17	0.4954296160877514
ENSG00000176014	chr18:13003343-13004133	360	33804	TRUE	0.004358375178932304	-0.4196572925283675	TRUE	990	17	0.4409506398537477
ENSG00000177150	chr18:13003343-13004133	221	18475	TRUE	0.010748584739486491	-0.4783576986298099	TRUE	990	17	0.2070032344255379
ENSG00000085415	chr18:13003343-13004133	260	23272	TRUE	0.036	-0.36501581649081016	TRUE	990	17	0.2692542070969859
ENSG00000175354	chr18:13003343-13004133	243	23592	TRUE	0.03686096709762393	-0.32168284024562666	TRUE	990	17	0.2704917264332255
ENSG00000101654	chr18:13003343-13004133	279	26996	TRUE	0.076	-0.30435692855530294	FALSE	990	17	0.3225331645806966
ENSG00000101624	chr18:13003343-13004133	67	6529	TRUE	0.128	-0.3971737562596469	FALSE	990	17	0.06680729386396662
ENSG00000101639	chr18:13003343-13004133	77	7005	TRUE	0.188	-0.26594765235541207	FALSE	990	17	0.07166361974405851
ENSG00000141391	chr18:13003343-13004133	24	1626	TRUE	0.32	-0.5936377892664195	FALSE	990	17	0.016509632963015046
ENSG00000134278	chr18:13003343-13004133	32	2971	TRUE	0.52	-0.27614154053717677	FALSE	990	17	0.030300473444897575
ENSG00000267199	chr18:13003343-13004133	7	437	TRUE	0.812	-0.03553442934391082	FALSE	990	17	0.00437819340927202
ENSG00000141385	chr18:13003343-13004133	374	37945	TRUE	1.0082087294636224e-8	-0.5689312329648081	TRUE	990	18	0.4954296160877514
ENSG00000128789	chr18:13003343-13004133	511	52878	TRUE	1.5129503439060676e-4	-0.23234251731187777	TRUE	990	18	0.8118408100126564
ENSG00000177150	chr18:13003343-13004133	221	18475	TRUE	0.015940374584418215	-0.4783576986298099	TRUE	990	18	0.2070032344255379
ENSG00000101654	chr18:13003343-13004133	279	26996	TRUE	0.018726179710257994	-0.36196765172539824	TRUE	990	18	0.3225331645806966
ENSG00000085415	chr18:13003343-13004133	260	23272	TRUE	0.024	-0.383874843742126	TRUE	990	18	0.2692542070969859
ENSG00000101624	chr18:13003343-13004133	67	6529	TRUE	0.128	-0.3971737562596469	FALSE	990	18	0.06680729386396662
ENSG00000176014	chr18:13003343-13004133	360	33804	TRUE	0.268	-0.2680441693629967	FALSE	990	18	0.4409506398537477
ENSG00000134278	chr18:13003343-13004133	32	2971	TRUE	0.32	-0.33058932455955237	FALSE	990	18	0.030300473444897575
ENSG00000101639	chr18:13003343-13004133	77	7005	TRUE	0.364	-0.2424886795314234	FALSE	990	18	0.07166361974405851
ENSG00000175354	chr18:13003343-13004133	243	23592	TRUE	0.564	-0.14334559898711396	FALSE	990	18	0.2704917264332255
ENSG00000267199	chr18:13003343-13004133	7	437	TRUE	0.688	0.2863936655434518	FALSE	990	18	0.00437819340927202
ENSG00000141391	chr18:13003343-13004133	24	1626	TRUE	0.792	-0.0911374487372365	FALSE	990	18	0.016509632963015046
ENSG00000141385	chr18:13003343-13004133	374	37945	TRUE	2.203643473451313e-4	-0.4241597087508341	TRUE	990	19	0.4954296160877514
ENSG00000176014	chr18:13003343-13004133	360	33804	TRUE	0.0013691903544189449	-0.43533891476063724	TRUE	990	19	0.4409506398537477
ENSG00000128789	chr18:13003343-13004133	511	52878	TRUE	0.0015034933316881906	-0.18092242598706948	TRUE	990	19	0.8118408100126564
ENSG00000175354	chr18:13003343-13004133	243	23592	TRUE	0.0031570064908873346	-0.3601569880602622	TRUE	990	19	0.2704917264332255
ENSG00000101654	chr18:13003343-13004133	279	26996	TRUE	0.01666682159034913	-0.33025879199805974	TRUE	990	19	0.3225331645806966
ENSG00000267199	chr18:13003343-13004133	7	437	TRUE	0.112	0.9644655706560892	FALSE	990	19	0.00437819340927202
ENSG00000085415	chr18:13003343-13004133	260	23272	TRUE	0.156	-0.2567629258387867	FALSE	990	19	0.2692542070969859
ENSG00000101624	chr18:13003343-13004133	67	6529	TRUE	0.18	-0.3447063363655105	FALSE	990	19	0.06680729386396662
ENSG00000134278	chr18:13003343-13004133	32	2971	TRUE	0.212	0.17842432292830512	FALSE	990	19	0.030300473444897575
ENSG00000141391	chr18:13003343-13004133	24	1626	TRUE	0.304	-0.5936377892664195	FALSE	990	19	0.016509632963015046
ENSG00000177150	chr18:13003343-13004133	221	18475	TRUE	0.7	-0.23405050086492185	FALSE	990	19	0.2070032344255379
ENSG00000101639	chr18:13003343-13004133	77	7005	TRUE	0.956	-0.04693787041361652	FALSE	990	19	0.07166361974405851
ENSG00000128789	chr18:13003343-13004133	511	52878	TRUE	6.073337471247398e-11	-0.42229795069109016	TRUE	990	20	0.8118408100126564
ENSG00000176014	chr18:13003343-13004133	360	33804	TRUE	3.923301644727286e-6	-0.5673344605706274	TRUE	990	20	0.4409506398537477
ENSG00000175354	chr18:13003343-13004133	243	23592	TRUE	5.7888575366273586e-5	-0.4963613716585733	TRUE	990	20	0.2704917264332255
ENSG00000085415	chr18:13003343-13004133	260	23272	TRUE	9.815073722719905e-4	-0.4956656691996826	TRUE	990	20	0.2692542070969859
ENSG00000141385	chr18:13003343-13004133	374	37945	TRUE	0.008633296458507168	-0.31595049179493706	TRUE	990	20	0.4954296160877514
ENSG00000101654	chr18:13003343-13004133	279	26996	TRUE	0.01738559789250818	-0.32504108272704046	TRUE	990	20	0.3225331645806966
ENSG00000101639	chr18:13003343-13004133	77	7005	TRUE	0.028	-0.4417974877548305	TRUE	990	20	0.07166361974405851
ENSG00000101624	chr18:13003343-13004133	67	6529	TRUE	0.04	-0.47963591645161907	TRUE	990	20	0.06680729386396662
ENSG00000134278	chr18:13003343-13004133	32	2971	TRUE	0.148	-0.6387116199218843	FALSE	990	20	0.030300473444897575
ENSG00000177150	chr18:13003343-13004133	221	18475	TRUE	0.196	-0.34711316535155756	FALSE	990	20	0.2070032344255379
ENSG00000141391	chr18:13003343-13004133	24	1626	TRUE	0.316	-0.5936377892664195	FALSE	990	20	0.016509632963015046
ENSG00000267199	chr18:13003343-13004133	7	437	TRUE	0.98	0.2863936655434518	FALSE	990	20	0.00437819340927202
ENSG00000141385	chr18:13003343-13004133	374	37945	TRUE	1.2662338018716324e-8	-0.5569585912987322	TRUE	990	21	0.4954296160877514
ENSG00000101654	chr18:13003343-13004133	279	26996	TRUE	7.160522225789067e-7	-0.5622663022112293	TRUE	990	21	0.3225331645806966
ENSG00000128789	chr18:13003343-13004133	511	52878	TRUE	3.7602374326036595e-5	-0.261958998077976	TRUE	990	21	0.8118408100126564
ENSG00000175354	chr18:13003343-13004133	243	23592	TRUE	0.004243849249865095	-0.3797857948091947	TRUE	990	21	0.2704917264332255
ENSG00000176014	chr18:13003343-13004133	360	33804	TRUE	0.005994954284736667	-0.3926180397760153	TRUE	990	21	0.4409506398537477
ENSG00000267199	chr18:13003343-13004133	7	437	TRUE	0.068	-2.035534429343911	FALSE	990	21	0.00437819340927202
ENSG00000101639	chr18:13003343-13004133	77	7005	TRUE	0.116	-0.3140419405564572	FALSE	990	21	0.07166361974405851
ENSG00000177150	chr18:13003343-13004133	221	18475	TRUE	0.284	-0.32378066152093377	FALSE	990	21	0.2070032344255379
ENSG00000101624	chr18:13003343-13004133	67	6529	TRUE	0.32	-0.2940802632955424	FALSE	990	21	0.06680729386396662
ENSG00000085415	chr18:13003343-13004133	260	23272	TRUE	0.448	-0.2280801711347018	FALSE	990	21	0.2692542070969859
ENSG00000141391	chr18:13003343-13004133	24	1626	TRUE	0.508	0.06932722345600961	FALSE	990	21	0.016509632963015046
ENSG00000134278	chr18:13003343-13004133	32	2971	TRUE	0.692	-0.031029042700644993	FALSE	990	21	0.030300473444897575
ENSG00000128789	chr18:13003343-13004133	511	52878	TRUE	0.00140500569492397	-0.19922324273001318	TRUE	990	22	0.8118408100126564
ENSG00000141385	chr18:13003343-13004133	374	37945	TRUE	0.01098998249407324	-0.33286387473128365	TRUE	990	22	0.4954296160877514
ENSG00000176014	chr18:13003343-13004133	360	33804	TRUE	0.01192911350057966	-0.39644990136704217	TRUE	990	22	0.4409506398537477
ENSG00000141391	chr18:13003343-13004133	24	1626	TRUE	0.108	0.2808313286497217	FALSE	990	22	0.016509632963015046
ENSG00000085415	chr18:13003343-13004133	260	23272	TRUE	0.116	-0.31589804992611903	FALSE	990	22	0.2692542070969859
ENSG00000101639	chr18:13003343-13004133	77	7005	TRUE	0.188	-0.26594765235541207	FALSE	990	22	0.07166361974405851
ENSG00000177150	chr18:13003343-13004133	221	18475	TRUE	0.252	-0.316086269730933	FALSE	990	22	0.2070032344255379
ENSG00000101624	chr18:13003343-13004133	67	6529	TRUE	0.3	-0.3707015448984552	FALSE	990	22	0.06680729386396662
ENSG00000134278	chr18:13003343-13004133	32	2971	TRUE	0.332	0.0564337985496941	FALSE	990	22	0.030300473444897575
ENSG00000101654	chr18:13003343-13004133	279	26996	TRUE	0.648	-0.135002500599126	FALSE	990	22	0.3225331645806966
ENSG00000175354	chr18:13003343-13004133	243	23592	TRUE	0.724	-0.0724238130564967	FALSE	990	22	0.2704917264332255
ENSG00000267199	chr18:13003343-13004133	7	437	TRUE	0.96	-0.03553442934391082	FALSE	990	22	0.00437819340927202
ENSG00000085415	chr18:13003343-13004133	260	23272	TRUE	0.0010502644893015632	-0.5025193402407448	TRUE	990	23	0.2692542070969859
ENSG00000141385	chr18:13003343-13004133	374	37945	TRUE	0.0022385087735787308	-0.3534251972135999	TRUE	990	23	0.4954296160877514
ENSG00000128789	chr18:13003343-13004133	511	52878	TRUE	0.005174506912779153	-0.17487338131426444	TRUE	990	23	0.8118408100126564
ENSG00000176014	chr18:13003343-13004133	360	33804	TRUE	0.028	-0.3660762523235235	TRUE	990	23	0.4409506398537477
ENSG00000175354	chr18:13003343-13004133	243	23592	TRUE	0.04	-0.2965918592827961	TRUE	990	23	0.2704917264332255
ENSG00000101624	chr18:13003343-13004133	67	6529	TRUE	0.052	-0.5082050686483908	FALSE	990	23	0.06680729386396662
ENSG00000177150	chr18:13003343-13004133	221	18475	TRUE	0.076	-0.403069571325573	FALSE	990	23	0.2070032344255379
ENSG00000101654	chr18:13003343-13004133	279	26996	TRUE	0.204	-0.23421210452702534	FALSE	990	23	0.3225331645806966
ENSG00000101639	chr18:13003343-13004133	77	7005	TRUE	0.224	-0.28979439430978005	FALSE	990	23	0.07166361974405851
ENSG00000141391	chr18:13003343-13004133	24	1626	TRUE	0.44	0.14332780489978703	FALSE	990	23	0.016509632963015046
ENSG00000134278	chr18:13003343-13004133	32	2971	TRUE	0.656	-0.27614154053717677	FALSE	990	23	0.030300473444897575
ENSG00000267199	chr18:13003343-13004133	7	437	TRUE	1	-0.03553442934391082	FALSE	990	23	0.00437819340927202
ENSG00000085415	chr18:13003343-13004133	260	23272	TRUE	4.846671717652351e-5	-0.5874082378272578	TRUE	990	24	0.2692542070969859
ENSG00000141385	chr18:13003343-13004133	374	37945	TRUE	2.9211520240701163e-4	-0.38130422978903666	TRUE	990	24	0.4954296160877514
ENSG00000101654	chr18:13003343-13004133	279	26996	TRUE	4.365457555799701e-4	-0.43315869958235087	TRUE	990	24	0.3225331645806966
ENSG00000175354	chr18:13003343-13004133	243	23592	TRUE	4.963384981489204e-4	-0.4403273367442455	TRUE	990	24	0.2704917264332255
ENSG00000128789	chr18:13003343-13004133	511	52878	TRUE	0.009614929854736845	-0.16285085306505126	TRUE	990	24	0.8118408100126564
ENSG00000176014	chr18:13003343-13004133	360	33804	TRUE	0.032	-0.35112591085755196	TRUE	990	24	0.4409506398537477
ENSG00000101624	chr18:13003343-13004133	67	6529	TRUE	0.132	-0.3971737562596469	FALSE	990	24	0.06680729386396662
ENSG00000134278	chr18:13003343-13004133	32	2971	TRUE	0.268	-0.4460665419794889	FALSE	990	24	0.030300473444897575
ENSG00000267199	chr18:13003343-13004133	7	437	TRUE	0.316	-1.0355344293439108	FALSE	990	24	0.00437819340927202
ENSG00000177150	chr18:13003343-13004133	221	18475	TRUE	0.516	-0.11578761924510195	FALSE	990	24	0.2070032344255379
ENSG00000141391	chr18:13003343-13004133	24	1626	TRUE	0.752	-0.2717096943790569	FALSE	990	24	0.016509632963015046
ENSG00000101639	chr18:13003343-13004133	77	7005	TRUE	0.82	0.032133700577582136	FALSE	990	24	0.07166361974405851
ENSG00000141385	chr18:13003343-13004133	374	37945	TRUE	6.574827033802629e-5	-0.4241597087508341	TRUE	990	25	0.4954296160877514
ENSG00000176014	chr18:13003343-13004133	360	33804	TRUE	1.5088794670226058e-4	-0.5122469004664187	TRUE	990	25	0.4409506398537477
ENSG00000085415	chr18:13003343-13004133	260	23272	TRUE	0.004658969310053407	-0.43540514438220823	TRUE	990	25	0.2692542070969859
ENSG00000101654	chr18:13003343-13004133	279	26996	TRUE	0.010783404680253822	-0.35132040752588956	TRUE	990	25	0.3225331645806966
ENSG00000101624	chr18:13003343-13004133	67	6529	TRUE	0.032	-0.56709875770195906	TRUE	990	25	0.06680729386396662
ENSG00000101639	chr18:13003343-13004133	77	7005	TRUE	0.14	-0.36379497575355657	FALSE	990	25	0.07166361974405851
ENSG00000175354	chr18:13003343-13004133	243	23592	TRUE	0.22	-0.18878856974828118	FALSE	990	25	0.2704917264332255
ENSG00000177150	chr18:13003343-13004133	221	18475	TRUE	0.228	-0.3315163103005392	FALSE	990	25	0.2070032344255379
ENSG00000134278	chr18:13003343-13004133	32	2971	TRUE	0.336	-0.38717285292592063	FALSE	990	25	0.030300473444897575
ENSG00000141391	chr18:13003343-13004133	24	1626	TRUE	0.364	-0.478160571846483	FALSE	990	25	0.016509632963015046
ENSG00000128789	chr18:13003343-13004133	511	52878	TRUE	0.416	0.029295281403276308	FALSE	990	25	0.8118408100126564
ENSG00000267199	chr18:13003343-13004133	7	437	TRUE	0.592	-0.45057192862275475	FALSE	990	25	0.00437819340927202
ENSG00000128789	chr18:13003343-13004133	511	52878	TRUE	5.7677285605286935e-6	-0.2943804757703535	TRUE	990	26	0.8118408100126564
ENSG00000085415	chr18:13003343-13004133	260	23272	TRUE	4.162986025109221e-5	-0.5947130384504913	TRUE	990	26	0.2692542070969859
ENSG00000141385	chr18:13003343-13004133	374	37945	TRUE	0.009380037358548005	-0.3125914797050223	TRUE	990	26	0.4954296160877514
ENSG00000134278	chr18:13003343-13004133	32	2971	TRUE	0.023182303596833875	-0.8611040412583328	TRUE	990	26	0.030300473444897575
ENSG00000101654	chr18:13003343-13004133	279	26996	TRUE	0.048	-0.3146619369470416	FALSE	990	26	0.3225331645806966
ENSG00000101624	chr18:13003343-13004133	67	6529	TRUE	0.068	-0.5373514143079068	FALSE	990	26	0.06680729386396662
ENSG00000175354	chr18:13003343-13004133	243	23592	TRUE	0.072	-0.2719298050485268	FALSE	990	26	0.2704917264332255
ENSG00000176014	chr18:13003343-13004133	360	33804	TRUE	0.092	-0.31079381682233387	FALSE	990	26	0.4409506398537477
ENSG00000101639	chr18:13003343-13004133	77	7005	TRUE	0.224	-0.2424886795314234	FALSE	990	26	0.07166361974405851
ENSG00000177150	chr18:13003343-13004133	221	18475	TRUE	0.224	-0.29324629337282193	FALSE	990	26	0.2070032344255379
ENSG00000267199	chr18:13003343-13004133	7	437	TRUE	0.612	-0.45057192862275475	FALSE	990	26	0.00437819340927202
ENSG00000141391	chr18:13003343-13004133	24	1626	TRUE	0.96	-0.2717096943790569	FALSE	990	26	0.016509632963015046
ENSG00000141385	chr18:13003343-13004133	374	37945	TRUE	1.010961561163889e-7	-0.5216255181864514	TRUE	990	27	0.4954296160877514
ENSG00000177150	chr18:13003343-13004133	221	18475	TRUE	5.109337190477655e-7	-0.8153926859073808	TRUE	990	27	0.2070032344255379
ENSG00000085415	chr18:13003343-13004133	260	23272	TRUE	0.028	-0.415864957986563	TRUE	990	27	0.2692542070969859
ENSG00000134278	chr18:13003343-13004133	32	2971	TRUE	0.028	-0.7831015292570598	TRUE	990	27	0.030300473444897575
ENSG00000101624	chr18:13003343-13004133	67	6529	TRUE	0.056	-0.5082050686483908	FALSE	990	27	0.06680729386396662
ENSG00000175354	chr18:13003343-13004133	243	23592	TRUE	0.096	-0.2719298050485268	FALSE	990	27	0.2704917264332255
ENSG00000128789	chr18:13003343-13004133	511	52878	TRUE	0.112	-0.10228197674750483	FALSE	990	27	0.8118408100126564
ENSG00000176014	chr18:13003343-13004133	360	33804	TRUE	0.152	-0.31079381682233387	FALSE	990	27	0.4409506398537477
ENSG00000101654	chr18:13003343-13004133	279	26996	TRUE	0.192	-0.21961472831406748	FALSE	990	27	0.3225331645806966
ENSG00000267199	chr18:13003343-13004133	7	437	TRUE	0.568	0.2863936655434518	FALSE	990	27	0.00437819340927202
ENSG00000141391	chr18:13003343-13004133	24	1626	TRUE	0.64	0.06932722345600961	FALSE	990	27	0.016509632963015046
ENSG00000101639	chr18:13003343-13004133	77	7005	TRUE	0.664	-0.13059579946052624	FALSE	990	27	0.07166361974405851
ENSG00000176014	chr18:13003343-13004133	360	33804	TRUE	1.1259726556797287e-4	-0.4957115327401189	TRUE	990	28	0.4409506398537477
ENSG00000175354	chr18:13003343-13004133	243	23592	TRUE	5.222841734259191e-4	-0.4403273367442455	TRUE	990	28	0.2704917264332255
ENSG00000101624	chr18:13003343-13004133	67	6529	TRUE	0.002631085082154941	-0.7257965037210172	TRUE	990	28	0.06680729386396662
ENSG00000128789	chr18:13003343-13004133	511	52878	TRUE	0.0031387471638547743	-0.19106087277665318	TRUE	990	28	0.8118408100126564
ENSG00000177150	chr18:13003343-13004133	221	18475	TRUE	0.0031900928209590423	-0.5043529071627546	TRUE	990	28	0.2070032344255379
ENSG00000141385	chr18:13003343-13004133	374	37945	TRUE	0.009756665481598828	-0.3125914797050223	TRUE	990	28	0.4954296160877514
ENSG00000085415	chr18:13003343-13004133	260	23272	TRUE	0.01134340432649561	-0.383874843742126	TRUE	990	28	0.2692542070969859
ENSG00000101654	chr18:13003343-13004133	279	26996	TRUE	0.024	-0.32504108272704046	TRUE	990	28	0.3225331645806966
ENSG00000134278	chr18:13003343-13004133	32	2971	TRUE	0.048	-0.7831015292570598	TRUE	990	28	0.030300473444897575
ENSG00000101639	chr18:13003343-13004133	77	7005	TRUE	0.66	-0.15229087055984536	FALSE	990	28	0.07166361974405851
ENSG00000267199	chr18:13003343-13004133	7	437	TRUE	0.776	-0.03553442934391082	FALSE	990	28	0.00437819340927202
ENSG00000141391	chr18:13003343-13004133	24	1626	TRUE	0.868	-0.1786002899875756	FALSE	990	28	0.016509632963015046
ENSG00000128789	chr18:13003343-13004133	511	52878	TRUE	1.9415455989991808e-5	-0.2662399954058519	TRUE	990	29	0.8118408100126564
ENSG00000141385	chr18:13003343-13004133	374	37945	TRUE	0.024	-0.3294652982694187	FALSE	990	29	0.4954296160877514
ENSG00000101639	chr18:13003343-13004133	77	7005	TRUE	0.028	-0.4962452717772061	FALSE	990	29	0.07166361974405851
ENSG00000176014	chr18:13003343-13004133	360	33804	TRUE	0.044	-0.3623241174624159	FALSE	990	29	0.4409506398537477
ENSG00000177150	chr18:13003343-13004133	221	18475	TRUE	0.096	-0.37082923432536496	FALSE	990	29	0.2070032344255379
ENSG00000101654	chr18:13003343-13004133	279	26996	TRUE	0.124	-0.2688582473339167	FALSE	990	29	0.3225331645806966
ENSG00000175354	chr18:13003343-13004133	243	23592	TRUE	0.14	-0.22383551684748215	FALSE	990	29	0.2704917264332255
ENSG00000141391	chr18:13003343-13004133	24	1626	TRUE	0.144	-0.7191686713502783	FALSE	990	29	0.016509632963015046
ENSG00000085415	chr18:13003343-13004133	260	23272	TRUE	0.188	-0.2860275203439815	FALSE	990	29	0.2692542070969859
ENSG00000134278	chr18:13003343-13004133	32	2971	TRUE	0.304	-0.5074670866436319	FALSE	990	29	0.030300473444897575
ENSG00000267199	chr18:13003343-13004133	7	437	TRUE	0.324	0.7718204927136938	FALSE	990	29	0.00437819340927202
ENSG00000101624	chr18:13003343-13004133	67	6529	TRUE	0.888	-0.08597206796534262	FALSE	990	29	0.06680729386396662
ENSG00000176014	chr18:13003343-13004133	360	33804	TRUE	0.002102343101208628	-0.4274767969876667	TRUE	990	30	0.4409506398537477
ENSG00000141385	chr18:13003343-13004133	374	37945	TRUE	0.002114914764813444	-0.3638168030601957	TRUE	990	30	0.4954296160877514
ENSG00000085415	chr18:13003343-13004133	260	23272	TRUE	0.0064143820337647164	-0.4485805331299413	TRUE	990	30	0.2692542070969859
ENSG00000175354	chr18:13003343-13004133	243	23592	TRUE	0.01851619095283996	-0.32168284024562666	TRUE	990	30	0.2704917264332255
ENSG00000101654	chr18:13003343-13004133	279	26996	TRUE	0.052	-0.2992318963774354	FALSE	990	30	0.3225331645806966
ENSG00000128789	chr18:13003343-13004133	511	52878	TRUE	0.108	-0.104196635344241	FALSE	990	30	0.8118408100126564
ENSG00000141391	chr18:13003343-13004133	24	1626	TRUE	0.296	-0.7191686713502783	FALSE	990	30	0.016509632963015046
ENSG00000101624	chr18:13003343-13004133	67	6529	TRUE	0.368	-0.26941820906127356	FALSE	990	30	0.06680729386396662
ENSG00000101639	chr18:13003343-13004133	77	7005	TRUE	0.54	-0.1092221486679592	FALSE	990	30	0.07166361974405851
ENSG00000134278	chr18:13003343-13004133	32	2971	TRUE	0.62	-0.27614154053717677	FALSE	990	30	0.030300473444897575
ENSG00000177150	chr18:13003343-13004133	221	18475	TRUE	0.812	-0.20533920422339413	FALSE	990	30	0.2070032344255379
ENSG00000267199	chr18:13003343-13004133	7	437	TRUE	0.972	-0.03553442934391082	FALSE	990	30	0.00437819340927202
ENSG00000128789	chr18:13003343-13004133	511	52878	TRUE	2.5913180775956576e-6	-0.3053515935913565	TRUE	990	31	0.8118408100126564
ENSG00000175354	chr18:13003343-13004133	243	23592	TRUE	1.188109156205876e-5	-0.5107166646356436	TRUE	990	31	0.2704917264332255
ENSG00000141385	chr18:13003343-13004133	374	37945	TRUE	0.004465691370360132	-0.3294652982694187	TRUE	990	31	0.4954296160877514
ENSG00000085415	chr18:13003343-13004133	260	23272	TRUE	0.036	-0.415864957986563	FALSE	990	31	0.2692542070969859
ENSG00000101654	chr18:13003343-13004133	279	26996	TRUE	0.044	-0.34602610785637644	FALSE	990	31	0.3225331645806966
ENSG00000141391	chr18:13003343-13004133	24	1626	TRUE	0.092	-0.856672195100213	FALSE	990	31	0.016509632963015046
ENSG00000101639	chr18:13003343-13004133	77	7005	TRUE	0.192	-0.2424886795314234	FALSE	990	31	0.07166361974405851
ENSG00000177150	chr18:13003343-13004133	221	18475	TRUE	0.212	-0.32378066152093377	FALSE	990	31	0.2070032344255379
ENSG00000176014	chr18:13003343-13004133	360	33804	TRUE	0.288	-0.2892606552726924	FALSE	990	31	0.4409506398537477
ENSG00000101624	chr18:13003343-13004133	67	6529	TRUE	0.456	-0.26941820906127356	FALSE	990	31	0.06680729386396662
ENSG00000134278	chr18:13003343-13004133	32	2971	TRUE	0.544	-0.27614154053717677	FALSE	990	31	0.030300473444897575
ENSG00000267199	chr18:13003343-13004133	7	437	TRUE	0.712	-0.45057192862275475	FALSE	990	31	0.00437819340927202
ENSG00000101654	chr18:13003343-13004133	279	26996	TRUE	7.503574836472963e-9	-0.6772320163317496	TRUE	990	32	0.3225331645806966
ENSG00000141385	chr18:13003343-13004133	374	37945	TRUE	0.007421878025386318	-0.3193173428933357	TRUE	990	32	0.4954296160877514
ENSG00000176014	chr18:13003343-13004133	360	33804	TRUE	0.007664651686225946	-0.38118314471373194	TRUE	990	32	0.4409506398537477
ENSG00000085415	chr18:13003343-13004133	260	23272	TRUE	0.019669957381823436	-0.40940993584926355	TRUE	990	32	0.2692542070969859
ENSG00000175354	chr18:13003343-13004133	243	23592	TRUE	0.048	-0.2780559078453686	FALSE	990	32	0.2704917264332255
ENSG00000101639	chr18:13003343-13004133	77	7005	TRUE	0.052	-0.4153252763936388	FALSE	990	32	0.07166361974405851
ENSG00000177150	chr18:13003343-13004133	221	18475	TRUE	0.068	-0.37082923432536496	FALSE	990	32	0.2070032344255379
ENSG00000141391	chr18:13003343-13004133	24	1626	TRUE	0.076	-1.0086752885452634	FALSE	990	32	0.016509632963015046
ENSG00000128789	chr18:13003343-13004133	511	52878	TRUE	0.356	-0.05893190160845918	FALSE	990	32	0.8118408100126564
ENSG00000267199	chr18:13003343-13004133	7	437	TRUE	0.46	-0.45057192862275475	FALSE	990	32	0.00437819340927202
ENSG00000101624	chr18:13003343-13004133	67	6529	TRUE	0.604	-0.24517066281459643	FALSE	990	32	0.06680729386396662
ENSG00000134278	chr18:13003343-13004133	32	2971	TRUE	0.672	-0.27614154053717677	FALSE	990	32	0.030300473444897575
ENSG00000128789	chr18:13003343-13004133	511	52878	TRUE	8.095085057302628e-6	-0.261958998077976	TRUE	990	33	0.8118408100126564
ENSG00000176014	chr18:13003343-13004133	360	33804	TRUE	0.001476687957574478	-0.45518372615750846	TRUE	990	33	0.4409506398537477
ENSG00000101654	chr18:13003343-13004133	279	26996	TRUE	0.004358687348013195	-0.37808731708867493	TRUE	990	33	0.3225331645806966
ENSG00000101639	chr18:13003343-13004133	77	7005	TRUE	0.007133502728050217	-0.5528288001435744	TRUE	990	33	0.07166361974405851
ENSG00000085415	chr18:13003343-13004133	260	23272	TRUE	0.017628112478997378	-0.3965858954916799	TRUE	990	33	0.2692542070969859
ENSG00000177150	chr18:13003343-13004133	221	18475	TRUE	0.04	-0.4528226065226728	TRUE	990	33	0.2070032344255379
ENSG00000141385	chr18:13003343-13004133	374	37945	TRUE	0.068	-0.25021269455333595	FALSE	990	33	0.4954296160877514
ENSG00000101624	chr18:13003343-13004133	67	6529	TRUE	0.172	-0.3971737562596469	FALSE	990	33	0.06680729386396662
ENSG00000141391	chr18:13003343-13004133	24	1626	TRUE	0.184	-0.7191686713502783	FALSE	990	33	0.016509632963015046
ENSG00000175354	chr18:13003343-13004133	243	23592	TRUE	0.636	-0.13776456672381432	FALSE	990	33	0.2704917264332255
ENSG00000267199	chr18:13003343-13004133	7	437	TRUE	0.636	-0.45057192862275475	FALSE	990	33	0.00437819340927202
ENSG00000134278	chr18:13003343-13004133	32	2971	TRUE	0.824	-0.22367412064304038	FALSE	990	33	0.030300473444897575
ENSG00000128789	chr18:13003343-13004133	511	52878	TRUE	1.561550865937437e-11	-0.4488143954701656	TRUE	990	34	0.8118408100126564
ENSG00000141385	chr18:13003343-13004133	374	37945	TRUE	9.97569678757573e-5	-0.42053939307213695	TRUE	990	34	0.4954296160877514
ENSG00000175354	chr18:13003343-13004133	243	23592	TRUE	9.699519555551811e-4	-0.40638000482090786	TRUE	990	34	0.2704917264332255
ENSG00000176014	chr18:13003343-13004133	360	33804	TRUE	0.0012728968964071524	-0.43533891476063724	TRUE	990	34	0.4409506398537477
ENSG00000101654	chr18:13003343-13004133	279	26996	TRUE	0.004716287865016808	-0.37808731708867493	TRUE	990	34	0.3225331645806966
ENSG00000101624	chr18:13003343-13004133	67	6529	TRUE	0.088	-0.47963591645161907	FALSE	990	34	0.06680729386396662
ENSG00000085415	chr18:13003343-13004133	260	23272	TRUE	0.148	-0.32802160900860855	FALSE	990	34	0.2692542070969859
ENSG00000134278	chr18:13003343-13004133	32	2971	TRUE	0.152	-0.5074670866436319	FALSE	990	34	0.030300473444897575
ENSG00000177150	chr18:13003343-13004133	221	18475	TRUE	0.156	-0.34711316535155756	FALSE	990	34	0.2070032344255379
ENSG00000101639	chr18:13003343-13004133	77	7005	TRUE	0.328	-0.21940506641838242	FALSE	990	34	0.07166361974405851
ENSG00000141391	chr18:13003343-13004133	24	1626	TRUE	0.384	0.14332780489978703	FALSE	990	34	0.016509632963015046
ENSG00000267199	chr18:13003343-13004133	7	437	TRUE	0.54	-0.45057192862275475	FALSE	990	34	0.00437819340927202
ENSG00000177150	chr18:13003343-13004133	221	18475	TRUE	0.002391822244973363	-0.5577921661242149	TRUE	990	35	0.2070032344255379
ENSG00000101624	chr18:13003343-13004133	67	6529	TRUE	0.014837808713862394	-0.5974724067454775	TRUE	990	35	0.06680729386396662
ENSG00000101654	chr18:13003343-13004133	279	26996	TRUE	0.04	-0.28903612927154687	FALSE	990	35	0.3225331645806966
ENSG00000128789	chr18:13003343-13004133	511	52878	TRUE	0.04	-0.14106643717295642	FALSE	990	35	0.8118408100126564
ENSG00000175354	chr18:13003343-13004133	243	23592	TRUE	0.116	-0.21793491540779786	FALSE	990	35	0.2704917264332255
ENSG00000141391	chr18:13003343-13004133	24	1626	TRUE	0.192	-0.856672195100213	FALSE	990	35	0.016509632963015046
ENSG00000176014	chr18:13003343-13004133	360	33804	TRUE	0.22	-0.2892606552726924	FALSE	990	35	0.4409506398537477
ENSG00000267199	chr18:13003343-13004133	7	437	TRUE	0.236	0.7718204927136938	FALSE	990	35	0.00437819340927202
ENSG00000141385	chr18:13003343-13004133	374	37945	TRUE	0.448	-0.20280333416691054	FALSE	990	35	0.4954296160877514
ENSG00000085415	chr18:13003343-13004133	260	23272	TRUE	0.456	-0.2224114210480097	FALSE	990	35	0.2692542070969859
ENSG00000134278	chr18:13003343-13004133	32	2971	TRUE	0.464	-0.4460665419794889	FALSE	990	35	0.030300473444897575
ENSG00000101639	chr18:13003343-13004133	77	7005	TRUE	0.976	-0.08816053314012962	FALSE	990	35	0.07166361974405851
ENSG00000128789	chr18:13003343-13004133	511	52878	TRUE	8.682836088825434e-6	-0.2769983975421169	TRUE	990	36	0.8118408100126564
ENSG00000141385	chr18:13003343-13004133	374	37945	TRUE	4.620895521962737e-4	-0.37778974561279977	TRUE	990	36	0.4954296160877514
ENSG00000176014	chr18:13003343-13004133	360	33804	TRUE	0.0023412652017980942	-0.4235617469842834	TRUE	990	36	0.4409506398537477
ENSG00000101654	chr18:13003343-13004133	279	26996	TRUE	0.01459834911956226	-0.3198421760527217	TRUE	990	36	0.3225331645806966
ENSG00000085415	chr18:13003343-13004133	260	23272	TRUE	0.024	-0.3525787132525875	TRUE	990	36	0.2692542070969859
ENSG00000141391	chr18:13003343-13004133	24	1626	TRUE	0.04	-1.0086752885452634	TRUE	990	36	0.016509632963015046
ENSG00000177150	chr18:13003343-13004133	221	18475	TRUE	0.072	-0.4112435027712733	FALSE	990	36	0.2070032344255379
ENSG00000175354	chr18:13003343-13004133	243	23592	TRUE	0.076	-0.2719298050485268	FALSE	990	36	0.2704917264332255
ENSG00000267199	chr18:13003343-13004133	7	437	TRUE	0.088	-2.035534429343911	FALSE	990	36	0.00437819340927202
ENSG00000134278	chr18:13003343-13004133	32	2971	TRUE	0.184	-0.5715974240633477	FALSE	990	36	0.030300473444897575
ENSG00000101624	chr18:13003343-13004133	67	6529	TRUE	0.604	-0.24517066281459643	FALSE	990	36	0.06680729386396662
ENSG00000101639	chr18:13003343-13004133	77	7005	TRUE	0.748	-0.13059579946052624	FALSE	990	36	0.07166361974405851
ENSG00000128789	chr18:13003343-13004133	511	52878	TRUE	1.1809750244010946e-12	-0.46348599690611686	TRUE	990	37	0.8118408100126564
ENSG00000141385	chr18:13003343-13004133	374	37945	TRUE	6.306880636320807e-7	-0.5177525090392451	TRUE	990	37	0.4954296160877514
ENSG00000101654	chr18:13003343-13004133	279	26996	TRUE	2.2073697521582739e-4	-0.4444298119173711	TRUE	990	37	0.3225331645806966
ENSG00000085415	chr18:13003343-13004133	260	23272	TRUE	0.0015144718719381604	-0.4752978715057208	TRUE	990	37	0.2692542070969859
ENSG00000176014	chr18:13003343-13004133	360	33804	TRUE	0.036	-0.3660762523235235	TRUE	990	37	0.4409506398537477
ENSG00000101624	chr18:13003343-13004133	67	6529	TRUE	0.08	-0.47963591645161907	FALSE	990	37	0.06680729386396662
ENSG00000101639	chr18:13003343-13004133	77	7005	TRUE	0.08	-0.38933006786069413	FALSE	990	37	0.07166361974405851
ENSG00000175354	chr18:13003343-13004133	243	23592	TRUE	0.292	-0.18878856974828118	FALSE	990	37	0.2704917264332255
ENSG00000141391	chr18:13003343-13004133	24	1626	TRUE	0.332	-0.478160571846483	FALSE	990	37	0.016509632963015046
ENSG00000267199	chr18:13003343-13004133	7	437	TRUE	0.448	0.5494280713772453	FALSE	990	37	0.00437819340927202
ENSG00000177150	chr18:13003343-13004133	221	18475	TRUE	0.5	-0.29324629337282193	FALSE	990	37	0.2070032344255379
ENSG00000134278	chr18:13003343-13004133	32	2971	TRUE	0.576	-0.33058932455955237	FALSE	990	37	0.030300473444897575
ENSG00000176014	chr18:13003343-13004133	360	33804	TRUE	3.0963253906610155e-7	-0.6426997229052724	TRUE	990	38	0.4409506398537477
ENSG00000175354	chr18:13003343-13004133	243	23592	TRUE	3.341676179107627e-7	-0.646778214211672	TRUE	990	38	0.2704917264332255
ENSG00000128789	chr18:13003343-13004133	511	52878	TRUE	1.1092383822678764e-4	-0.2365364011980689	TRUE	990	38	0.8118408100126564
ENSG00000101654	chr18:13003343-13004133	279	26996	TRUE	0.0019444724890797255	-0.421974961089675	TRUE	990	38	0.3225331645806966
ENSG00000141385	chr18:13003343-13004133	374	37945	TRUE	0.003714559078232295	-0.3431079062280865	TRUE	990	38	0.4954296160877514
ENSG00000141391	chr18:13003343-13004133	24	1626	TRUE	0.019760574664034636	-1.371245367929971	TRUE	990	38	0.016509632963015046
ENSG00000101639	chr18:13003343-13004133	77	7005	TRUE	0.028	-0.5819751458030904	TRUE	990	38	0.07166361974405851
ENSG00000177150	chr18:13003343-13004133	221	18475	TRUE	0.032	-0.436046893771846	TRUE	990	38	0.2070032344255379
ENSG00000085415	chr18:13003343-13004133	260	23272	TRUE	0.056	-0.33412180854502616	TRUE	990	38	0.2692542070969859
ENSG00000134278	chr18:13003343-13004133	32	2971	TRUE	0.14	-0.5715974240633477	FALSE	990	38	0.030300473444897575
ENSG00000101624	chr18:13003343-13004133	67	6529	TRUE	0.416	0.017863743019197464	FALSE	990	38	0.06680729386396662
ENSG00000267199	chr18:13003343-13004133	7	437	TRUE	0.596	-0.45057192862275475	FALSE	990	38	0.00437819340927202
ENSG00000141385	chr18:13003343-13004133	374	37945	TRUE	2.462747349128708e-7	-0.5216255181864514	TRUE	990	39	0.4954296160877514
ENSG00000176014	chr18:13003343-13004133	360	33804	TRUE	4.417734690536105e-5	-0.5289739868718673	TRUE	990	39	0.4409506398537477
ENSG00000128789	chr18:13003343-13004133	511	52878	TRUE	1.352940967530485e-4	-0.2281607896279106	TRUE	990	39	0.8118408100126564
ENSG00000085415	chr18:13003343-13004133	260	23272	TRUE	2.0554650195512246e-4	-0.5657131667279391	TRUE	990	39	0.2692542070969859
ENSG00000101654	chr18:13003343-13004133	279	26996	TRUE	0.005484360057486717	-0.3407511658157023	TRUE	990	39	0.3225331645806966
ENSG00000175354	chr18:13003343-13004133	243	23592	TRUE	0.06	-0.2658296055121092	FALSE	990	39	0.2704917264332255
ENSG00000101639	chr18:13003343-13004133	77	7005	TRUE	0.124	-0.338703994790726	FALSE	990	39	0.07166361974405851
ENSG00000177150	chr18:13003343-13004133	221	18475	TRUE	0.216	-0.34711316535155756	FALSE	990	39	0.2070032344255379
ENSG00000267199	chr18:13003343-13004133	7	437	TRUE	0.24	0.7718204927136938	FALSE	990	39	0.00437819340927202
ENSG00000141391	chr18:13003343-13004133	24	1626	TRUE	0.584	-0.478160571846483	FALSE	990	39	0.016509632963015046
ENSG00000101624	chr18:13003343-13004133	67	6529	TRUE	0.644	-0.043536801644946	FALSE	990	39	0.06680729386396662
ENSG00000134278	chr18:13003343-13004133	32	2971	TRUE	0.776	-0.17304804757307224	FALSE	990	39	0.030300473444897575
ENSG00000128789	chr18:13003343-13004133	511	52878	TRUE	5.9181639335578566e-8	-0.32754733970555266	TRUE	990	40	0.8118408100126564
ENSG00000085415	chr18:13003343-13004133	260	23272	TRUE	3.5385652473050394e-4	-0.5585533751550726	TRUE	990	40	0.2692542070969859
ENSG00000175354	chr18:13003343-13004133	243	23592	TRUE	3.8247723748689386e-4	-0.40638000482090786	TRUE	990	40	0.2704917264332255
ENSG00000101639	chr18:13003343-13004133	77	7005	TRUE	4.223198714481402e-4	-0.804367567139538	TRUE	990	40	0.07166361974405851
ENSG00000176014	chr18:13003343-13004133	360	33804	TRUE	0.0025994192957172683	-0.4511928659614741	TRUE	990	40	0.4409506398537477
ENSG00000141385	chr18:13003343-13004133	374	37945	TRUE	0.06	-0.2696214407394645	FALSE	990	40	0.4954296160877514
ENSG00000101654	chr18:13003343-13004133	279	26996	TRUE	0.152	-0.2244641279754631	FALSE	990	40	0.3225331645806966
ENSG00000101624	chr18:13003343-13004133	67	6529	TRUE	0.2	-0.31917124425837295	FALSE	990	40	0.06680729386396662
ENSG00000141391	chr18:13003343-13004133	24	1626	TRUE	0.248	-0.5936377892664195	FALSE	990	40	0.016509632963015046
ENSG00000267199	chr18:13003343-13004133	7	437	TRUE	0.412	0.5494280713772453	FALSE	990	40	0.00437819340927202
ENSG00000177150	chr18:13003343-13004133	221	18475	TRUE	0.432	-0.3008195130776228	FALSE	990	40	0.2070032344255379
ENSG00000134278	chr18:13003343-13004133	32	2971	TRUE	0.688	0.0564337985496941	FALSE	990	40	0.030300473444897575
ENSG00000101654	chr18:13003343-13004133	279	26996	TRUE	2.7022177968571168e-6	-0.5500399998779699	TRUE	990	41	0.3225331645806966
ENSG00000176014	chr18:13003343-13004133	360	33804	TRUE	9.181712329316095e-4	-0.4472130150489291	TRUE	990	41	0.4409506398537477
ENSG00000085415	chr18:13003343-13004133	260	23272	TRUE	0.008972765935025898	-0.4485805331299413	TRUE	990	41	0.2692542070969859
ENSG00000177150	chr18:13003343-13004133	221	18475	TRUE	0.01620772609877616	-0.4612841852708689	TRUE	990	41	0.2070032344255379
ENSG00000141391	chr18:13003343-13004133	24	1626	TRUE	0.028	0.4063622107335805	TRUE	990	41	0.016509632963015046
ENSG00000128789	chr18:13003343-13004133	511	52878	TRUE	0.068	-0.11960607466664536	FALSE	990	41	0.8118408100126564
ENSG00000175354	chr18:13003343-13004133	243	23592	TRUE	0.08	-0.24168351818040645	FALSE	990	41	0.2704917264332255
ENSG00000101624	chr18:13003343-13004133	67	6529	TRUE	0.148	-0.3447063363655105	FALSE	990	41	0.06680729386396662
ENSG00000101639	chr18:13003343-13004133	77	7005	TRUE	0.164	-0.26594765235541207	FALSE	990	41	0.07166361974405851
ENSG00000141385	chr18:13003343-13004133	374	37945	TRUE	0.176	-0.23423584200356784	FALSE	990	41	0.4954296160877514
ENSG00000134278	chr18:13003343-13004133	32	2971	TRUE	0.516	-0.33058932455955237	FALSE	990	41	0.030300473444897575
ENSG00000267199	chr18:13003343-13004133	7	437	TRUE	0.56	-0.45057192862275475	FALSE	990	41	0.00437819340927202
ENSG00000128789	chr18:13003343-13004133	511	52878	TRUE	6.13210658374861e-7	-0.31197453578509143	TRUE	990	42	0.8118408100126564
ENSG00000141385	chr18:13003343-13004133	374	37945	TRUE	3.0927240381389907e-6	-0.4795837473695258	TRUE	990	42	0.4954296160877514
ENSG00000176014	chr18:13003343-13004133	360	33804	TRUE	1.3447879859368505e-5	-0.5544339718628211	TRUE	990	42	0.4409506398537477
ENSG00000101654	chr18:13003343-13004133	279	26996	TRUE	8.411757620069727e-5	-0.4729989641141419	TRUE	990	42	0.3225331645806966
ENSG00000175354	chr18:13003343-13004133	243	23592	TRUE	0.036	-0.2658296055121092	TRUE	990	42	0.2704917264332255
ENSG00000101624	chr18:13003343-13004133	67	6529	TRUE	0.14	-0.3971737562596469	FALSE	990	42	0.06680729386396662
ENSG00000267199	chr18:13003343-13004133	7	437	TRUE	0.204	-1.0355344293439108	FALSE	990	42	0.00437819340927202
ENSG00000085415	chr18:13003343-13004133	260	23272	TRUE	0.224	-0.2979016206322731	FALSE	990	42	0.2692542070969859
ENSG00000134278	chr18:13003343-13004133	32	2971	TRUE	0.324	-0.5074670866436319	FALSE	990	42	0.030300473444897575
ENSG00000101639	chr18:13003343-13004133	77	7005	TRUE	0.528	0.07010155077660274	FALSE	990	42	0.07166361974405851
ENSG00000141391	chr18:13003343-13004133	24	1626	TRUE	0.56	-0.371245367929971	FALSE	990	42	0.016509632963015046
ENSG00000177150	chr18:13003343-13004133	221	18475	TRUE	0.948	-0.20533920422339413	FALSE	990	42	0.2070032344255379
ENSG00000176014	chr18:13003343-13004133	360	33804	TRUE	9.98838138539237e-9	-0.6656365341824315	TRUE	990	43	0.4409506398537477
ENSG00000141385	chr18:13003343-13004133	374	37945	TRUE	3.121408640501211e-6	-0.48335550125873417	TRUE	990	43	0.4954296160877514
ENSG00000128789	chr18:13003343-13004133	511	52878	TRUE	2.6845867185668927e-5	-0.26409790883431056	TRUE	990	43	0.8118408100126564
ENSG00000177150	chr18:13003343-13004133	221	18475	TRUE	0.0026432123851718725	-0.5308251185239459	TRUE	990	43	0.2070032344255379
ENSG00000101654	chr18:13003343-13004133	279	26996	TRUE	0.064	-0.27387632210054136	FALSE	990	43	0.3225331645806966
ENSG00000267199	chr18:13003343-13004133	7	437	TRUE	0.264	-1.0355344293439108	FALSE	990	43	0.00437819340927202
ENSG00000175354	chr18:13003343-13004133	243	23592	TRUE	0.304	-0.20620562282569055	FALSE	990	43	0.2704917264332255
ENSG00000101624	chr18:13003343-13004133	67	6529	TRUE	0.416	-0.31917124425837295	FALSE	990	43	0.06680729386396662
ENSG00000134278	chr18:13003343-13004133	32	2971	TRUE	0.54	-0.38717285292592063	FALSE	990	43	0.030300473444897575
ENSG00000141391	chr18:13003343-13004133	24	1626	TRUE	0.592	-0.371245367929971	FALSE	990	43	0.016509632963015046
ENSG00000085415	chr18:13003343-13004133	260	23272	TRUE	0.932	-0.17237073854841412	FALSE	990	43	0.2692542070969859
ENSG00000101639	chr18:13003343-13004133	77	7005	TRUE	0.96	-0.08816053314012962	FALSE	990	43	0.07166361974405851
ENSG00000085415	chr18:13003343-13004133	260	23272	TRUE	4.05759053183054e-7	-0.701065019622825	TRUE	990	44	0.2692542070969859
ENSG00000128789	chr18:13003343-13004133	511	52878	TRUE	2.2967334754256364e-5	-0.2662399954058519	TRUE	990	44	0.8118408100126564
ENSG00000177150	chr18:13003343-13004133	221	18475	TRUE	5.05902610441502e-4	-0.5760543725169436	TRUE	990	44	0.2070032344255379
ENSG00000175354	chr18:13003343-13004133	243	23592	TRUE	0.0012440886709672748	-0.4198632341845301	TRUE	990	44	0.2704917264332255
ENSG00000101639	chr18:13003343-13004133	77	7005	TRUE	0.0012660206492295725	-0.7372533712810014	TRUE	990	44	0.07166361974405851
ENSG00000134278	chr18:13003343-13004133	32	2971	TRUE	0.001698801800950639	-1.2236741206430404	TRUE	990	44	0.030300473444897575
ENSG00000141385	chr18:13003343-13004133	374	37945	TRUE	0.002389762361785999	-0.35688075584981915	TRUE	990	44	0.4954296160877514
ENSG00000101654	chr18:13003343-13004133	279	26996	TRUE	0.04	-0.29412500594434654	TRUE	990	44	0.3225331645806966
ENSG00000141391	chr18:13003343-13004133	24	1626	TRUE	0.392	-0.5936377892664195	FALSE	990	44	0.016509632963015046
ENSG00000101624	chr18:13003343-13004133	67	6529	TRUE	0.412	-0.24517066281459643	FALSE	990	44	0.06680729386396662
ENSG00000267199	chr18:13003343-13004133	7	437	TRUE	0.648	0.2863936655434518	FALSE	990	44	0.00437819340927202
ENSG00000176014	chr18:13003343-13004133	360	33804	TRUE	0.944	-0.2095717666435326	FALSE	990	44	0.4409506398537477
ENSG00000176014	chr18:13003343-13004133	360	33804	TRUE	9.310781851186174e-6	-0.5587213302659193	TRUE	990	45	0.4409506398537477
ENSG00000128789	chr18:13003343-13004133	511	52878	TRUE	3.34725272167399e-4	-0.23863792384335675	TRUE	990	45	0.8118408100126564
ENSG00000175354	chr18:13003343-13004133	243	23592	TRUE	8.131706896835379e-4	-0.43347366570318324	TRUE	990	45	0.2704917264332255
ENSG00000085415	chr18:13003343-13004133	260	23272	TRUE	0.0018986546118464516	-0.4888444033436685	TRUE	990	45	0.2692542070969859
ENSG00000101654	chr18:13003343-13004133	279	26996	TRUE	0.0020864574056307338	-0.3943891294177755	TRUE	990	45	0.3225331645806966
ENSG00000177150	chr18:13003343-13004133	221	18475	TRUE	0.056	-0.3868593441443142	FALSE	990	45	0.2070032344255379
ENSG00000141385	chr18:13003343-13004133	374	37945	TRUE	0.148	-0.240605366879295	FALSE	990	45	0.4954296160877514
ENSG00000134278	chr18:13003343-13004133	32	2971	TRUE	0.156	-0.6387116199218843	FALSE	990	45	0.030300473444897575
ENSG00000141391	chr18:13003343-13004133	24	1626	TRUE	0.2	0.2808313286497217	FALSE	990	45	0.016509632963015046
ENSG00000101639	chr18:13003343-13004133	77	7005	TRUE	0.28	0.12524310496906388	FALSE	990	45	0.07166361974405851
ENSG00000267199	chr18:13003343-13004133	7	437	TRUE	0.592	-0.45057192862275475	FALSE	990	45	0.00437819340927202
ENSG00000101624	chr18:13003343-13004133	67	6529	TRUE	0.996	-0.10766713906466174	FALSE	990	45	0.06680729386396662
ENSG00000176014	chr18:13003343-13004133	360	33804	TRUE	2.6197745598743817e-5	-0.5039555268350273	TRUE	990	46	0.4409506398537477
ENSG00000141385	chr18:13003343-13004133	374	37945	TRUE	0.0030139210542238157	-0.36034461115339067	TRUE	990	46	0.4954296160877514
ENSG00000175354	chr18:13003343-13004133	243	23592	TRUE	0.006852681492380608	-0.3732131408857089	TRUE	990	46	0.2704917264332255
ENSG00000085415	chr18:13003343-13004133	260	23272	TRUE	0.011582885228693544	-0.3965858954916799	TRUE	990	46	0.2692542070969859
ENSG00000101639	chr18:13003343-13004133	77	7005	TRUE	0.01182010125550767	-0.5242596479468027	TRUE	990	46	0.07166361974405851
ENSG00000101624	chr18:13003343-13004133	67	6529	TRUE	0.017732349935720843	-0.5974724067454775	TRUE	990	46	0.06680729386396662
ENSG00000141391	chr18:13003343-13004133	24	1626	TRUE	0.072	-0.856672195100213	FALSE	990	46	0.016509632963015046
ENSG00000128789	chr18:13003343-13004133	511	52878	TRUE	0.084	-0.11573825722693215	FALSE	990	46	0.8118408100126564
ENSG00000101654	chr18:13003343-13004133	279	26996	TRUE	0.408	-0.18611781632598046	FALSE	990	46	0.3225331645806966
ENSG00000177150	chr18:13003343-13004133	221	18475	TRUE	0.524	-0.26334480765895973	FALSE	990	46	0.2070032344255379
ENSG00000134278	chr18:13003343-13004133	32	2971	TRUE	0.552	-0.22367412064304038	FALSE	990	46	0.030300473444897575
ENSG00000267199	chr18:13003343-13004133	7	437	TRUE	0.588	-0.45057192862275475	FALSE	990	46	0.00437819340927202
ENSG00000176014	chr18:13003343-13004133	360	33804	TRUE	2.7726692638964205e-4	-0.48343320296168213	TRUE	990	47	0.4409506398537477
ENSG00000101654	chr18:13003343-13004133	279	26996	TRUE	2.793454233094173e-4	-0.4387832487762289	TRUE	990	47	0.3225331645806966
ENSG00000128789	chr18:13003343-13004133	511	52878	TRUE	0.020785145664877228	-0.14106643717295642	TRUE	990	47	0.8118408100126564
ENSG00000134278	chr18:13003343-13004133	32	2971	TRUE	0.028	-0.7831015292570598	TRUE	990	47	0.030300473444897575
ENSG00000141391	chr18:13003343-13004133	24	1626	TRUE	0.036	-1.1786002899875756	TRUE	990	47	0.016509632963015046
ENSG00000175354	chr18:13003343-13004133	243	23592	TRUE	0.08	-0.2537060464296197	FALSE	990	47	0.2704917264332255
ENSG00000101624	chr18:13003343-13004133	67	6529	TRUE	0.312	-0.2940802632955424	FALSE	990	47	0.06680729386396662
ENSG00000101639	chr18:13003343-13004133	77	7005	TRUE	0.456	-0.21940506641838242	FALSE	990	47	0.07166361974405851
ENSG00000267199	chr18:13003343-13004133	7	437	TRUE	0.508	-0.45057192862275475	FALSE	990	47	0.00437819340927202
ENSG00000141385	chr18:13003343-13004133	374	37945	TRUE	0.512	-0.18734021677910617	FALSE	990	47	0.4954296160877514
ENSG00000177150	chr18:13003343-13004133	221	18475	TRUE	0.684	-0.14275466684537141	FALSE	990	47	0.2070032344255379
ENSG00000085415	chr18:13003343-13004133	260	23272	TRUE	0.972	-0.14530249535024353	FALSE	990	47	0.2692542070969859
ENSG00000175354	chr18:13003343-13004133	243	23592	TRUE	1.6905592691073435e-4	-0.4892369372251919	TRUE	990	48	0.2704917264332255
ENSG00000101654	chr18:13003343-13004133	279	26996	TRUE	0.004589693679214619	-0.3943891294177755	TRUE	990	48	0.3225331645806966
ENSG00000177150	chr18:13003343-13004133	221	18475	TRUE	0.015997935312369274	-0.46979568512638625	TRUE	990	48	0.2070032344255379
ENSG00000128789	chr18:13003343-13004133	511	52878	TRUE	0.028	-0.1430333018823573	TRUE	990	48	0.8118408100126564
ENSG00000085415	chr18:13003343-13004133	260	23272	TRUE	0.032	-0.36501581649081016	TRUE	990	48	0.2692542070969859
ENSG00000101624	chr18:13003343-13004133	67	6529	TRUE	0.052	-0.4516215402820225	FALSE	990	48	0.06680729386396662
ENSG00000267199	chr18:13003343-13004133	7	437	TRUE	0.076	-2.035534429343911	FALSE	990	48	0.00437819340927202
ENSG00000134278	chr18:13003343-13004133	32	2971	TRUE	0.084	-0.7091009478132824	FALSE	990	48	0.030300473444897575
ENSG00000176014	chr18:13003343-13004133	360	33804	TRUE	0.092	-0.32168213296506987	FALSE	990	48	0.4409506398537477
ENSG00000141385	chr18:13003343-13004133	374	37945	TRUE	0.408	-0.1904196097110783	FALSE	990	48	0.4954296160877514
ENSG00000141391	chr18:13003343-13004133	24	1626	TRUE	0.764	-0.008675288545263449	FALSE	990	48	0.016509632963015046
ENSG00000101639	chr18:13003343-13004133	77	7005	TRUE	0.952	-0.06740197297333239	FALSE	990	48	0.07166361974405851
ENSG00000177150	chr18:13003343-13004133	221	18475	TRUE	1.6085852352671313e-4	-0.6418564309126897	TRUE	990	49	0.2070032344255379
ENSG00000085415	chr18:13003343-13004133	260	23272	TRUE	7.798194745172425e-4	-0.5094057258259848	TRUE	990	49	0.2692542070969859
ENSG00000175354	chr18:13003343-13004133	243	23592	TRUE	0.0022348807734819606	-0.3797857948091947	TRUE	990	49	0.2704917264332255
ENSG00000101654	chr18:13003343-13004133	279	26996	TRUE	0.008328074909091418	-0.36196765172539824	TRUE	990	49	0.3225331645806966
ENSG00000128789	chr18:13003343-13004133	511	52878	TRUE	0.009362955137930342	-0.16085680293296367	TRUE	990	49	0.8118408100126564
ENSG00000101624	chr18:13003343-13004133	67	6529	TRUE	0.036	-0.5373514143079068	TRUE	990	49	0.06680729386396662
ENSG00000101639	chr18:13003343-13004133	77	7005	TRUE	0.052	-0.4417974877548305	TRUE	990	49	0.07166361974405851
ENSG00000141385	chr18:13003343-13004133	374	37945	TRUE	0.108	-0.2278943151297409	FALSE	990	49	0.4954296160877514
ENSG00000134278	chr18:13003343-13004133	32	2971	TRUE	0.212	-0.5074670866436319	FALSE	990	49	0.030300473444897575
ENSG00000141391	chr18:13003343-13004133	24	1626	TRUE	0.212	0.2137171327911851	FALSE	990	49	0.016509632963015046
ENSG00000267199	chr18:13003343-13004133	7	437	TRUE	0.424	-0.45057192862275475	FALSE	990	49	0.00437819340927202
ENSG00000176014	chr18:13003343-13004133	360	33804	TRUE	0.496	-0.24713517960001607	FALSE	990	49	0.4409506398537477
ENSG00000128789	chr18:13003343-13004133	511	52878	TRUE	2.2676317373242878e-7	-0.32754733970555266	TRUE	990	50	0.8118408100126564
ENSG00000101624	chr18:13003343-13004133	67	6529	TRUE	0.002298793975953284	-0.7945092538050313	TRUE	990	50	0.06680729386396662
ENSG00000141385	chr18:13003343-13004133	374	37945	TRUE	0.002921733638609557	-0.3431079062280865	TRUE	990	50	0.4954296160877514
ENSG00000085415	chr18:13003343-13004133	260	23272	TRUE	0.005302619226023861	-0.44197779830569406	TRUE	990	50	0.2692542070969859
ENSG00000176014	chr18:13003343-13004133	360	33804	TRUE	0.012947570758272395	-0.3698381711197227	TRUE	990	50	0.4409506398537477
ENSG00000175354	chr18:13003343-13004133	243	23592	TRUE	0.032	-0.3028238129943108	TRUE	990	50	0.2704917264332255
ENSG00000177150	chr18:13003343-13004133	221	18475	TRUE	0.06	-0.37082923432536496	FALSE	990	50	0.2070032344255379
ENSG00000101654	chr18:13003343-13004133	279	26996	TRUE	0.14	-0.24895868989621173	FALSE	990	50	0.3225331645806966
ENSG00000134278	chr18:13003343-13004133	32	2971	TRUE	0.228	-0.5074670866436319	FALSE	990	50	0.030300473444897575
ENSG00000141391	chr18:13003343-13004133	24	1626	TRUE	0.244	-0.5936377892664195	FALSE	990	50	0.016509632963015046
ENSG00000101639	chr18:13003343-13004133	77	7005	TRUE	0.412	-0.21940506641838242	FALSE	990	50	0.07166361974405851
ENSG00000267199	chr18:13003343-13004133	7	437	TRUE	0.752	-0.45057192862275475	FALSE	990	50	0.00437819340927202
ENSG00000085415	chr18:13003343-13004133	260	23272	TRUE	1.8015129227930572e-6	-0.6545224336857949	TRUE	990	51	0.2692542070969859
ENSG00000175354	chr18:13003343-13004133	243	23592	TRUE	8.741023234808999e-5	-0.5035211632314398	TRUE	990	51	0.2704917264332255
ENSG00000176014	chr18:13003343-13004133	360	33804	TRUE	2.284270795619818e-4	-0.47936353865263537	TRUE	990	51	0.4409506398537477
ENSG00000141385	chr18:13003343-13004133	374	37945	TRUE	0.0010149574638630404	-0.3638168030601957	TRUE	990	51	0.4954296160877514
ENSG00000128789	chr18:13003343-13004133	511	52878	TRUE	0.024	-0.13910225029244244	TRUE	990	51	0.8118408100126564
ENSG00000101639	chr18:13003343-13004133	77	7005	TRUE	0.096	-0.38933006786069413	FALSE	990	51	0.07166361974405851
ENSG00000177150	chr18:13003343-13004133	221	18475	TRUE	0.168	-0.37882202507889584	FALSE	990	51	0.2070032344255379
ENSG00000101624	chr18:13003343-13004133	67	6529	TRUE	0.26	-0.2940802632955424	FALSE	990	51	0.06680729386396662
ENSG00000134278	chr18:13003343-13004133	32	2971	TRUE	0.436	-0.38717285292592063	FALSE	990	51	0.030300473444897575
ENSG00000267199	chr18:13003343-13004133	7	437	TRUE	0.652	-0.45057192862275475	FALSE	990	51	0.00437819340927202
ENSG00000101654	chr18:13003343-13004133	279	26996	TRUE	0.672	-0.14416249988460206	FALSE	990	51	0.3225331645806966
ENSG00000141391	chr18:13003343-13004133	24	1626	TRUE	0.8	-0.2717096943790569	FALSE	990	51	0.016509632963015046
ENSG00000128789	chr18:13003343-13004133	511	52878	TRUE	4.0911075428839154e-5	-0.2856632586692443	TRUE	990	52	0.8118408100126564
ENSG00000176014	chr18:13003343-13004133	360	33804	TRUE	0.004974464274976174	-0.4002919676614365	TRUE	990	52	0.4409506398537477
ENSG00000177150	chr18:13003343-13004133	221	18475	TRUE	0.006693272399698656	-0.5043529071627546	TRUE	990	52	0.2070032344255379
ENSG00000101654	chr18:13003343-13004133	279	26996	TRUE	0.010172862951882904	-0.3407511658157023	TRUE	990	52	0.3225331645806966
ENSG00000141385	chr18:13003343-13004133	374	37945	TRUE	0.013245940175897877	-0.3025611145677579	TRUE	990	52	0.4954296160877514
ENSG00000267199	chr18:13003343-13004133	7	437	TRUE	0.112	-2.035534429343911	FALSE	990	52	0.00437819340927202
ENSG00000175354	chr18:13003343-13004133	243	23592	TRUE	0.288	-0.16021941755151037	FALSE	990	52	0.2704917264332255
ENSG00000085415	chr18:13003343-13004133	260	23272	TRUE	0.428	-0.23948493440695118	FALSE	990	52	0.2692542070969859
ENSG00000101624	chr18:13003343-13004133	67	6529	TRUE	0.436	-0.24517066281459643	FALSE	990	52	0.06680729386396662
ENSG00000134278	chr18:13003343-13004133	32	2971	TRUE	0.496	-0.33058932455955237	FALSE	990	52	0.030300473444897575
ENSG00000141391	chr18:13003343-13004133	24	1626	TRUE	0.516	-0.008675288545263449	FALSE	990	52	0.016509632963015046
ENSG00000101639	chr18:13003343-13004133	77	7005	TRUE	0.872	-0.1092221486679592	FALSE	990	52	0.07166361974405851
ENSG00000176014	chr18:13003343-13004133	360	33804	TRUE	2.5785939802078422e-5	-0.5458972899083359	TRUE	990	53	0.4409506398537477
ENSG00000141385	chr18:13003343-13004133	374	37945	TRUE	3.0169913871003727e-4	-0.38482729635273405	TRUE	990	53	0.4954296160877514
ENSG00000085415	chr18:13003343-13004133	260	23272	TRUE	0.001237758664838006	-0.4956656691996826	TRUE	990	53	0.2692542070969859
ENSG00000128789	chr18:13003343-13004133	511	52878	TRUE	0.009582409004349132	-0.16085680293296367	TRUE	990	53	0.8118408100126564
ENSG00000134278	chr18:13003343-13004133	32	2971	TRUE	0.028	-0.7831015292570598	TRUE	990	53	0.030300473444897575
ENSG00000175354	chr18:13003343-13004133	243	23592	TRUE	0.088	-0.2719298050485268	FALSE	990	53	0.2704917264332255
ENSG00000101639	chr18:13003343-13004133	77	7005	TRUE	0.112	-0.36379497575355657	FALSE	990	53	0.07166361974405851
ENSG00000101654	chr18:13003343-13004133	279	26996	TRUE	0.476	-0.14876440184361073	FALSE	990	53	0.3225331645806966
ENSG00000267199	chr18:13003343-13004133	7	437	TRUE	0.596	-0.45057192862275475	FALSE	990	53	0.00437819340927202
ENSG00000101624	chr18:13003343-13004133	67	6529	TRUE	0.604	-0.19786494803623977	FALSE	990	53	0.06680729386396662
ENSG00000141391	chr18:13003343-13004133	24	1626	TRUE	0.712	-0.371245367929971	FALSE	990	53	0.016509632963015046
ENSG00000177150	chr18:13003343-13004133	221	18475	TRUE	1	-0.21246363865677553	FALSE	990	53	0.2070032344255379
ENSG00000141385	chr18:13003343-13004133	374	37945	TRUE	4.934035890684276e-5	-0.40973263811555405	TRUE	990	54	0.4954296160877514
ENSG00000128789	chr18:13003343-13004133	511	52878	TRUE	4.328011659544952e-4	-0.22607446237944467	TRUE	990	54	0.8118408100126564
ENSG00000176014	chr18:13003343-13004133	360	33804	TRUE	7.07590841326898e-4	-0.4432441128459834	TRUE	990	54	0.4409506398537477
ENSG00000085415	chr18:13003343-13004133	260	23272	TRUE	9.341593411531166e-4	-0.4685720083174072	TRUE	990	54	0.2692542070969859
ENSG00000175354	chr18:13003343-13004133	243	23592	TRUE	0.010483762786330064	-0.3601569880602622	TRUE	990	54	0.2704917264332255
ENSG00000141391	chr18:13003343-13004133	24	1626	TRUE	0.096	-0.7191686713502783	FALSE	990	54	0.016509632963015046
ENSG00000101639	chr18:13003343-13004133	77	7005	TRUE	0.128	-0.338703994790726	FALSE	990	54	0.07166361974405851
ENSG00000101654	chr18:13003343-13004133	279	26996	TRUE	0.192	-0.2293298831472792	FALSE	990	54	0.3225331645806966
ENSG00000267199	chr18:13003343-13004133	7	437	TRUE	0.216	0.7718204927136938	FALSE	990	54	0.00437819340927202
ENSG00000101624	chr18:13003343-13004133	67	6529	TRUE	0.22	-0.3447063363655105	FALSE	990	54	0.06680729386396662
ENSG00000134278	chr18:13003343-13004133	32	2971	TRUE	0.544	-0.33058932455955237	FALSE	990	54	0.030300473444897575
ENSG00000177150	chr18:13003343-13004133	221	18475	TRUE	0.684	-0.23405050086492185	FALSE	990	54	0.2070032344255379
ENSG00000141385	chr18:13003343-13004133	374	37945	TRUE	2.228521959102167e-6	-0.490928720963535	TRUE	990	55	0.4954296160877514
ENSG00000128789	chr18:13003343-13004133	511	52878	TRUE	1.1123297107285099e-5	-0.2856632586692443	TRUE	990	55	0.8118408100126564
ENSG00000176014	chr18:13003343-13004133	360	33804	TRUE	7.43095437590123e-4	-0.47936353865263537	TRUE	990	55	0.4409506398537477
ENSG00000175354	chr18:13003343-13004133	243	23592	TRUE	0.007461690802959775	-0.3472179323527642	TRUE	990	55	0.2704917264332255
ENSG00000085415	chr18:13003343-13004133	260	23272	TRUE	0.028039242427147032	-0.3902163706159527	TRUE	990	55	0.2692542070969859
ENSG00000267199	chr18:13003343-13004133	7	437	TRUE	0.044	-2.035534429343911	TRUE	990	55	0.00437819340927202
ENSG00000101639	chr18:13003343-13004133	77	7005	TRUE	0.068	-0.4153252763936388	FALSE	990	55	0.07166361974405851
ENSG00000141391	chr18:13003343-13004133	24	1626	TRUE	0.12	-0.856672195100213	FALSE	990	55	0.016509632963015046
ENSG00000177150	chr18:13003343-13004133	221	18475	TRUE	0.416	-0.2707622792214428	FALSE	990	55	0.2070032344255379
ENSG00000101654	chr18:13003343-13004133	279	26996	TRUE	0.448	-0.15338102991398084	FALSE	990	55	0.3225331645806966
ENSG00000134278	chr18:13003343-13004133	32	2971	TRUE	0.468	0.09825397424432136	FALSE	990	55	0.030300473444897575
ENSG00000101624	chr18:13003343-13004133	67	6529	TRUE	0.696	-0.24517066281459643	FALSE	990	55	0.06680729386396662
ENSG00000128789	chr18:13003343-13004133	511	52878	TRUE	1.0327804320420589e-4	-0.23443793531407114	TRUE	990	56	0.8118408100126564
ENSG00000175354	chr18:13003343-13004133	243	23592	TRUE	3.775201763032733e-4	-0.4472137223294854	TRUE	990	56	0.2704917264332255
ENSG00000177150	chr18:13003343-13004133	221	18475	TRUE	0.0014703364215576664	-0.5577921661242149	TRUE	990	56	0.2070032344255379
ENSG00000176014	chr18:13003343-13004133	360	33804	TRUE	0.0014939843900662678	-0.4392860992773002	TRUE	990	56	0.4409506398537477
ENSG00000085415	chr18:13003343-13004133	260	23272	TRUE	0.0018018857159982984	-0.4552136254623882	TRUE	990	56	0.2692542070969859
ENSG00000101624	chr18:13003343-13004133	67	6529	TRUE	0.0026701689495048087	-0.6926296397858178	TRUE	990	56	0.06680729386396662
ENSG00000141385	chr18:13003343-13004133	374	37945	TRUE	0.0034120303865852516	-0.35688075584981915	TRUE	990	56	0.4954296160877514
ENSG00000101654	chr18:13003343-13004133	279	26996	TRUE	0.007016771717122297	-0.36196765172539824	TRUE	990	56	0.3225331645806966
ENSG00000267199	chr18:13003343-13004133	7	437	TRUE	0.01709558345577522	-Inf	TRUE	990	56	0.00437819340927202
ENSG00000134278	chr18:13003343-13004133	32	2971	TRUE	0.036	-0.7091009478132824	TRUE	990	56	0.030300473444897575
ENSG00000141391	chr18:13003343-13004133	24	1626	TRUE	0.484	-0.478160571846483	FALSE	990	56	0.016509632963015046
ENSG00000101639	chr18:13003343-13004133	77	7005	TRUE	0.996	-0.08816053314012962	FALSE	990	56	0.07166361974405851
ENSG00000101654	chr18:13003343-13004133	279	26996	TRUE	3.4007124625878155e-5	-0.48458693838935374	TRUE	990	57	0.3225331645806966
ENSG00000175354	chr18:13003343-13004133	243	23592	TRUE	7.407264849840136e-5	-0.46807232722714986	TRUE	990	57	0.2704917264332255
ENSG00000101639	chr18:13003343-13004133	77	7005	TRUE	0.008795627054911992	-0.5528288001435744	TRUE	990	57	0.07166361974405851
ENSG00000128789	chr18:13003343-13004133	511	52878	TRUE	0.048	-0.1351818809210994	FALSE	990	57	0.8118408100126564
ENSG00000101624	chr18:13003343-13004133	67	6529	TRUE	0.092	-0.3971737562596469	FALSE	990	57	0.06680729386396662
ENSG00000267199	chr18:13003343-13004133	7	437	TRUE	0.188	-1.0355344293439108	FALSE	990	57	0.00437819340927202
ENSG00000134278	chr18:13003343-13004133	32	2971	TRUE	0.424	-0.38717285292592063	FALSE	990	57	0.030300473444897575
ENSG00000085415	chr18:13003343-13004133	260	23272	TRUE	0.428	-0.2509805732447805	FALSE	990	57	0.2692542070969859
ENSG00000176014	chr18:13003343-13004133	360	33804	TRUE	0.508	-0.2505990349035876	FALSE	990	57	0.4409506398537477
ENSG00000177150	chr18:13003343-13004133	221	18475	TRUE	0.588	-0.23405050086492185	FALSE	990	57	0.2070032344255379
ENSG00000141385	chr18:13003343-13004133	374	37945	TRUE	0.856	-0.11826982395524299	FALSE	990	57	0.4954296160877514
ENSG00000141391	chr18:13003343-13004133	24	1626	TRUE	0.964	-0.1786002899875756	FALSE	990	57	0.016509632963015046
ENSG00000176014	chr18:13003343-13004133	360	33804	TRUE	1.5156079487623885e-4	-0.46319871922162825	TRUE	990	58	0.4409506398537477
ENSG00000101639	chr18:13003343-13004133	77	7005	TRUE	7.552893794986297e-4	-0.7372533712810014	TRUE	990	58	0.07166361974405851
ENSG00000175354	chr18:13003343-13004133	243	23592	TRUE	0.001340098954534786	-0.4198632341845301	TRUE	990	58	0.2704917264332255
ENSG00000141385	chr18:13003343-13004133	374	37945	TRUE	0.0019163237244473469	-0.3534251972135999	TRUE	990	58	0.4954296160877514
ENSG00000101654	chr18:13003343-13004133	279	26996	TRUE	0.0025601419341020823	-0.3889346993256675	TRUE	990	58	0.3225331645806966
ENSG00000101624	chr18:13003343-13004133	67	6529	TRUE	0.005454796843125567	-0.6926296397858178	TRUE	990	58	0.06680729386396662
ENSG00000085415	chr18:13003343-13004133	260	23272	TRUE	0.044	-0.383874843742126	TRUE	990	58	0.2692542070969859
ENSG00000128789	chr18:13003343-13004133	511	52878	TRUE	0.044	-0.12737295771033524	TRUE	990	58	0.8118408100126564
ENSG00000177150	chr18:13003343-13004133	221	18475	TRUE	0.084	-0.37082923432536496	FALSE	990	58	0.2070032344255379
ENSG00000141391	chr18:13003343-13004133	24	1626	TRUE	0.44	-0.478160571846483	FALSE	990	58	0.016509632963015046
ENSG00000267199	chr18:13003343-13004133	7	437	TRUE	0.584	-0.45057192862275475	FALSE	990	58	0.00437819340927202
ENSG00000134278	chr18:13003343-13004133	32	2971	TRUE	0.628	-0.27614154053717677	FALSE	990	58	0.030300473444897575
ENSG00000128789	chr18:13003343-13004133	511	52878	TRUE	8.065323571005735e-9	-0.3365221433974282	TRUE	990	59	0.8118408100126564
ENSG00000175354	chr18:13003343-13004133	243	23592	TRUE	1.2642421996007073e-6	-0.615414043302337	TRUE	990	59	0.2704917264332255
ENSG00000141385	chr18:13003343-13004133	374	37945	TRUE	2.4660768569878012e-6	-0.4683272920264022	TRUE	990	59	0.4954296160877514
ENSG00000176014	chr18:13003343-13004133	360	33804	TRUE	3.2417569176118946e-4	-0.47125848901558	TRUE	990	59	0.4409506398537477
ENSG00000101654	chr18:13003343-13004133	279	26996	TRUE	0.00323534715990733	-0.39986425948392657	TRUE	990	59	0.3225331645806966
ENSG00000177150	chr18:13003343-13004133	221	18475	TRUE	0.032	-0.42773162555984223	TRUE	990	59	0.2070032344255379
ENSG00000085415	chr18:13003343-13004133	260	23272	TRUE	0.048	-0.3712748069624925	TRUE	990	59	0.2692542070969859
ENSG00000134278	chr18:13003343-13004133	32	2971	TRUE	0.06	-0.6387116199218843	TRUE	990	59	0.030300473444897575
ENSG00000101624	chr18:13003343-13004133	67	6529	TRUE	0.4	0.05739210720583454	FALSE	990	59	0.06680729386396662
ENSG00000101639	chr18:13003343-13004133	77	7005	TRUE	0.48	-0.21940506641838242	FALSE	990	59	0.07166361974405851
ENSG00000141391	chr18:13003343-13004133	24	1626	TRUE	0.868	-0.1786002899875756	FALSE	990	59	0.016509632963015046
ENSG00000267199	chr18:13003343-13004133	7	437	TRUE	0.872	-0.03553442934391082	FALSE	990	59	0.00437819340927202
ENSG00000141385	chr18:13003343-13004133	374	37945	TRUE	3.630981208637687e-6	-0.48335550125873417	TRUE	990	60	0.4954296160877514
ENSG00000128789	chr18:13003343-13004133	511	52878	TRUE	9.937502143211052e-6	-0.28349215962761726	TRUE	990	60	0.8118408100126564
ENSG00000101654	chr18:13003343-13004133	279	26996	TRUE	0.005018355057474978	-0.35132040752588956	TRUE	990	60	0.3225331645806966
ENSG00000101639	chr18:13003343-13004133	77	7005	TRUE	0.013699169374583486	-0.4687645353550991	TRUE	990	60	0.07166361974405851
ENSG00000101624	chr18:13003343-13004133	67	6529	TRUE	0.013721163065440911	-0.5974724067454775	TRUE	990	60	0.06680729386396662
ENSG00000175354	chr18:13003343-13004133	243	23592	TRUE	0.028	-0.3472179323527642	TRUE	990	60	0.2704917264332255
ENSG00000176014	chr18:13003343-13004133	360	33804	TRUE	0.232	-0.2892606552726924	FALSE	990	60	0.4409506398537477
ENSG00000177150	chr18:13003343-13004133	221	18475	TRUE	0.3	-0.3084326971874978	FALSE	990	60	0.2070032344255379
ENSG00000134278	chr18:13003343-13004133	32	2971	TRUE	0.38	-0.4460665419794889	FALSE	990	60	0.030300473444897575
ENSG00000085415	chr18:13003343-13004133	260	23272	TRUE	0.444	-0.2111403087129895	FALSE	990	60	0.2692542070969859
ENSG00000141391	chr18:13003343-13004133	24	1626	TRUE	0.444	0.06932722345600961	FALSE	990	60	0.016509632963015046
ENSG00000267199	chr18:13003343-13004133	7	437	TRUE	0.536	-0.45057192862275475	FALSE	990	60	0.00437819340927202
ENSG00000128789	chr18:13003343-13004133	511	52878	TRUE	1.9396585221639244e-5	-0.2769983975421169	TRUE	990	61	0.8118408100126564
ENSG00000141385	chr18:13003343-13004133	374	37945	TRUE	5.12667716520269e-5	-0.42053939307213695	TRUE	990	61	0.4954296160877514
ENSG00000177150	chr18:13003343-13004133	221	18475	TRUE	0.004990695458729932	-0.49563569006164565	TRUE	990	61	0.2070032344255379
ENSG00000175354	chr18:13003343-13004133	243	23592	TRUE	0.007480816175880367	-0.32168284024562666	TRUE	990	61	0.2704917264332255
ENSG00000101654	chr18:13003343-13004133	279	26996	TRUE	0.010610600945598778	-0.34602610785637644	TRUE	990	61	0.3225331645806966
ENSG00000176014	chr18:13003343-13004133	360	33804	TRUE	0.024	-0.3736099250089311	TRUE	990	61	0.4409506398537477
ENSG00000101624	chr18:13003343-13004133	67	6529	TRUE	0.032	-0.56709875770195906	TRUE	990	61	0.06680729386396662
ENSG00000101639	chr18:13003343-13004133	77	7005	TRUE	0.036	-0.4687645353550991	TRUE	990	61	0.07166361974405851
ENSG00000134278	chr18:13003343-13004133	32	2971	TRUE	0.064	-0.7091009478132824	TRUE	990	61	0.030300473444897575
ENSG00000141391	chr18:13003343-13004133	24	1626	TRUE	0.42	-0.478160571846483	FALSE	990	61	0.016509632963015046
ENSG00000267199	chr18:13003343-13004133	7	437	TRUE	0.464	0.5494280713772453	FALSE	990	61	0.00437819340927202
ENSG00000085415	chr18:13003343-13004133	260	23272	TRUE	0.644	-0.19439704487841292	FALSE	990	61	0.2692542070969859
ENSG00000176014	chr18:13003343-13004133	360	33804	TRUE	0.0010057933869484469	-0.4432441128459834	TRUE	990	62	0.4409506398537477
ENSG00000175354	chr18:13003343-13004133	243	23592	TRUE	0.0025896589547552695	-0.39302162196588886	TRUE	990	62	0.2704917264332255
ENSG00000101654	chr18:13003343-13004133	279	26996	TRUE	0.00345758998371826	-0.38350081327503927	TRUE	990	62	0.3225331645806966
ENSG00000141385	chr18:13003343-13004133	374	37945	TRUE	0.04	-0.28929485979388436	FALSE	990	62	0.4954296160877514
ENSG00000085415	chr18:13003343-13004133	260	23272	TRUE	0.048	-0.36501581649081016	FALSE	990	62	0.2692542070969859
ENSG00000128789	chr18:13003343-13004133	511	52878	TRUE	0.084	-0.123484289477573	FALSE	990	62	0.8118408100126564
ENSG00000101639	chr18:13003343-13004133	77	7005	TRUE	0.14	-0.36379497575355657	FALSE	990	62	0.07166361974405851
ENSG00000141391	chr18:13003343-13004133	24	1626	TRUE	0.148	-0.856672195100213	FALSE	990	62	0.016509632963015046
ENSG00000177150	chr18:13003343-13004133	221	18475	TRUE	0.176	-0.35497528312452786	FALSE	990	62	0.2070032344255379
ENSG00000101624	chr18:13003343-13004133	67	6529	TRUE	0.184	-0.3707015448984552	FALSE	990	62	0.06680729386396662
ENSG00000267199	chr18:13003343-13004133	7	437	TRUE	0.576	-0.45057192862275475	FALSE	990	62	0.00437819340927202
ENSG00000134278	chr18:13003343-13004133	32	2971	TRUE	0.868	-0.22367412064304038	FALSE	990	62	0.030300473444897575
ENSG00000141385	chr18:13003343-13004133	374	37945	TRUE	1.032637690951137e-6	-0.48335550125873417	TRUE	990	63	0.4954296160877514
ENSG00000177150	chr18:13003343-13004133	221	18475	TRUE	6.063655374128896e-4	-0.5852729025463224	TRUE	990	63	0.2070032344255379
ENSG00000101654	chr18:13003343-13004133	279	26996	TRUE	0.0013928271321159008	-0.4275559933529747	TRUE	990	63	0.3225331645806966
ENSG00000176014	chr18:13003343-13004133	360	33804	TRUE	0.032	-0.35858171577659914	TRUE	990	63	0.4409506398537477
ENSG00000085415	chr18:13003343-13004133	260	23272	TRUE	0.064	-0.3587838627792954	FALSE	990	63	0.2692542070969859
ENSG00000175354	chr18:13003343-13004133	243	23592	TRUE	0.064	-0.2597550911024247	FALSE	990	63	0.2704917264332255
ENSG00000101639	chr18:13003343-13004133	77	7005	TRUE	0.1	-0.36379497575355657	FALSE	990	63	0.07166361974405851
ENSG00000134278	chr18:13003343-13004133	32	2971	TRUE	0.16	-0.5715974240633477	FALSE	990	63	0.030300473444897575
ENSG00000128789	chr18:13003343-13004133	511	52878	TRUE	0.168	-0.09464865184507737	FALSE	990	63	0.8118408100126564
ENSG00000267199	chr18:13003343-13004133	7	437	TRUE	0.316	0.5494280713772453	FALSE	990	63	0.00437819340927202
ENSG00000141391	chr18:13003343-13004133	24	1626	TRUE	0.628	-0.371245367929971	FALSE	990	63	0.016509632963015046
ENSG00000101624	chr18:13003343-13004133	67	6529	TRUE	0.944	-0.08597206796534262	FALSE	990	63	0.06680729386396662
ENSG00000128789	chr18:13003343-13004133	511	52878	TRUE	5.888667741479371e-5	-0.26409790883431056	TRUE	990	64	0.8118408100126564
ENSG00000101654	chr18:13003343-13004133	279	26996	TRUE	0.002582110612327021	-0.3889346993256675	TRUE	990	64	0.3225331645806966
ENSG00000085415	chr18:13003343-13004133	260	23272	TRUE	0.007514763394652665	-0.4552136254623882	TRUE	990	64	0.2692542070969859
ENSG00000177150	chr18:13003343-13004133	221	18475	TRUE	0.024311519694074135	-0.4528226065226728	TRUE	990	64	0.2070032344255379
ENSG00000176014	chr18:13003343-13004133	360	33804	TRUE	0.172	-0.26453822586146125	FALSE	990	64	0.4409506398537477
ENSG00000101624	chr18:13003343-13004133	67	6529	TRUE	0.272	-0.31917124425837295	FALSE	990	64	0.06680729386396662
ENSG00000134278	chr18:13003343-13004133	32	2971	TRUE	0.408	-0.27614154053717677	FALSE	990	64	0.030300473444897575
ENSG00000141391	chr18:13003343-13004133	24	1626	TRUE	0.42	-0.478160571846483	FALSE	990	64	0.016509632963015046
ENSG00000267199	chr18:13003343-13004133	7	437	TRUE	0.424	-0.45057192862275475	FALSE	990	64	0.00437819340927202
ENSG00000101639	chr18:13003343-13004133	77	7005	TRUE	0.504	-0.15229087055984536	FALSE	990	64	0.07166361974405851
ENSG00000175354	chr18:13003343-13004133	243	23592	TRUE	0.864	-0.12114985287291802	FALSE	990	64	0.2704917264332255
ENSG00000141385	chr18:13003343-13004133	374	37945	TRUE	0.932	-0.11826982395524299	FALSE	990	64	0.4954296160877514
ENSG00000177150	chr18:13003343-13004133	221	18475	TRUE	1.562983668389967e-4	-0.622747607964985	TRUE	990	65	0.2070032344255379
ENSG00000101654	chr18:13003343-13004133	279	26996	TRUE	3.596919203852321e-4	-0.45578967408191895	TRUE	990	65	0.3225331645806966
ENSG00000267199	chr18:13003343-13004133	7	437	TRUE	0.010909684574073784	1.2863936655434518	TRUE	990	65	0.00437819340927202
ENSG00000128789	chr18:13003343-13004133	511	52878	TRUE	0.052	-0.11960607466664536	FALSE	990	65	0.8118408100126564
ENSG00000176014	chr18:13003343-13004133	360	33804	TRUE	0.068	-0.32898693358830333	FALSE	990	65	0.4409506398537477
ENSG00000085415	chr18:13003343-13004133	260	23272	TRUE	0.08	-0.34640013832346295	FALSE	990	65	0.2692542070969859
ENSG00000101639	chr18:13003343-13004133	77	7005	TRUE	0.096	-0.338703994790726	FALSE	990	65	0.07166361974405851
ENSG00000175354	chr18:13003343-13004133	243	23592	TRUE	0.192	-0.21205834907112853	FALSE	990	65	0.2704917264332255
ENSG00000141385	chr18:13003343-13004133	374	37945	TRUE	0.248	-0.23423584200356784	FALSE	990	65	0.4954296160877514
ENSG00000141391	chr18:13003343-13004133	24	1626	TRUE	0.292	-0.5936377892664195	FALSE	990	65	0.016509632963015046
ENSG00000134278	chr18:13003343-13004133	32	2971	TRUE	0.812	-0.27614154053717677	FALSE	990	65	0.030300473444897575
ENSG00000101624	chr18:13003343-13004133	67	6529	TRUE	0.852	-0.06459841717277559	FALSE	990	65	0.06680729386396662
ENSG00000176014	chr18:13003343-13004133	360	33804	TRUE	6.159898791038496e-6	-0.5458972899083359	TRUE	990	66	0.4409506398537477
ENSG00000141385	chr18:13003343-13004133	374	37945	TRUE	2.1944242316844926e-5	-0.4497595319871305	TRUE	990	66	0.4954296160877514
ENSG00000128789	chr18:13003343-13004133	511	52878	TRUE	0.005627714107465645	-0.16884959368649444	TRUE	990	66	0.8118408100126564
ENSG00000101624	chr18:13003343-13004133	67	6529	TRUE	0.008119479691309162	-0.6602081620934404	TRUE	990	66	0.06680729386396662
ENSG00000085415	chr18:13003343-13004133	260	23272	TRUE	0.024	-0.383874843742126	TRUE	990	66	0.2692542070969859
ENSG00000141391	chr18:13003343-13004133	24	1626	TRUE	0.084	-1.0086752885452634	FALSE	990	66	0.016509632963015046
ENSG00000175354	chr18:13003343-13004133	243	23592	TRUE	0.088	-0.2537060464296197	FALSE	990	66	0.2704917264332255
ENSG00000101654	chr18:13003343-13004133	279	26996	TRUE	0.204	-0.21961472831406748	FALSE	990	66	0.3225331645806966
ENSG00000101639	chr18:13003343-13004133	77	7005	TRUE	0.348	-0.21940506641838242	FALSE	990	66	0.07166361974405851
ENSG00000267199	chr18:13003343-13004133	7	437	TRUE	0.556	0.2863936655434518	FALSE	990	66	0.00437819340927202
ENSG00000177150	chr18:13003343-13004133	221	18475	TRUE	0.668	-0.2707622792214428	FALSE	990	66	0.2070032344255379
ENSG00000134278	chr18:13003343-13004133	32	2971	TRUE	0.736	-0.22367412064304038	FALSE	990	66	0.030300473444897575
ENSG00000085415	chr18:13003343-13004133	260	23272	TRUE	8.862938895357996e-7	-0.6776060467988363	TRUE	990	67	0.2692542070969859
ENSG00000176014	chr18:13003343-13004133	360	33804	TRUE	3.596441549853888e-5	-0.5331862381587817	TRUE	990	67	0.4409506398537477
ENSG00000175354	chr18:13003343-13004133	243	23592	TRUE	0.004499319084342285	-0.3601569880602622	TRUE	990	67	0.2704917264332255
ENSG00000141385	chr18:13003343-13004133	374	37945	TRUE	0.00781382340001549	-0.3193173428933357	TRUE	990	67	0.4954296160877514
ENSG00000134278	chr18:13003343-13004133	32	2971	TRUE	0.01105517453215274	-0.9435662014503059	TRUE	990	67	0.030300473444897575
ENSG00000128789	chr18:13003343-13004133	511	52878	TRUE	0.028	-0.15886550511387226	TRUE	990	67	0.8118408100126564
ENSG00000101654	chr18:13003343-13004133	279	26996	TRUE	0.092	-0.27387632210054136	FALSE	990	67	0.3225331645806966
ENSG00000267199	chr18:13003343-13004133	7	437	TRUE	0.112	-2.035534429343911	FALSE	990	67	0.00437819340927202
ENSG00000101624	chr18:13003343-13004133	67	6529	TRUE	0.168	-0.3707015448984552	FALSE	990	67	0.06680729386396662
ENSG00000177150	chr18:13003343-13004133	221	18475	TRUE	0.356	-0.29324629337282193	FALSE	990	67	0.2070032344255379
ENSG00000101639	chr18:13003343-13004133	77	7005	TRUE	0.588	-0.15229087055984536	FALSE	990	67	0.07166361974405851
ENSG00000141391	chr18:13003343-13004133	24	1626	TRUE	0.872	-0.2717096943790569	FALSE	990	67	0.016509632963015046
ENSG00000085415	chr18:13003343-13004133	260	23272	TRUE	2.534911148599252e-4	-0.5514289407216912	TRUE	990	68	0.2692542070969859
ENSG00000177150	chr18:13003343-13004133	221	18475	TRUE	9.195485248587425e-4	-0.5945507161343331	TRUE	990	68	0.2070032344255379
ENSG00000176014	chr18:13003343-13004133	360	33804	TRUE	0.0010372108615416594	-0.459185656715005	TRUE	990	68	0.4409506398537477
ENSG00000141385	chr18:13003343-13004133	374	37945	TRUE	0.002485899800083905	-0.3431079062280865	TRUE	990	68	0.4954296160877514
ENSG00000175354	chr18:13003343-13004133	243	23592	TRUE	0.019141413411691573	-0.34079166319333143	TRUE	990	68	0.2704917264332255
ENSG00000101654	chr18:13003343-13004133	279	26996	TRUE	0.108	-0.27387632210054136	FALSE	990	68	0.3225331645806966
ENSG00000128789	chr18:13003343-13004133	511	52878	TRUE	0.132	-0.11380823012853253	FALSE	990	68	0.8118408100126564
ENSG00000134278	chr18:13003343-13004133	32	2971	TRUE	0.216	-0.5074670866436319	FALSE	990	68	0.030300473444897575
ENSG00000141391	chr18:13003343-13004133	24	1626	TRUE	0.252	-0.5936377892664195	FALSE	990	68	0.016509632963015046
ENSG00000101639	chr18:13003343-13004133	77	7005	TRUE	0.38	-0.21940506641838242	FALSE	990	68	0.07166361974405851
ENSG00000101624	chr18:13003343-13004133	67	6529	TRUE	0.576	-0.26941820906127356	FALSE	990	68	0.06680729386396662
ENSG00000267199	chr18:13003343-13004133	7	437	TRUE	0.728	0.2863936655434518	FALSE	990	68	0.00437819340927202
ENSG00000128789	chr18:13003343-13004133	511	52878	TRUE	6.171586519266531e-8	-0.3614946716288903	TRUE	990	69	0.8118408100126564
ENSG00000175354	chr18:13003343-13004133	243	23592	TRUE	8.640580998489468e-4	-0.43347366570318324	TRUE	990	69	0.2704917264332255
ENSG00000141385	chr18:13003343-13004133	374	37945	TRUE	0.005033825777966128	-0.31595049179493706	TRUE	990	69	0.4954296160877514
ENSG00000101654	chr18:13003343-13004133	279	26996	TRUE	0.011931515961203829	-0.34602610785637644	TRUE	990	69	0.3225331645806966
ENSG00000085415	chr18:13003343-13004133	260	23272	TRUE	0.024	-0.40298366668983077	TRUE	990	69	0.2692542070969859
ENSG00000176014	chr18:13003343-13004133	360	33804	TRUE	0.026072953412247836	-0.3623241174624159	TRUE	990	69	0.4409506398537477
ENSG00000177150	chr18:13003343-13004133	221	18475	TRUE	0.068	-0.3868593441443142	FALSE	990	69	0.2070032344255379
ENSG00000101639	chr18:13003343-13004133	77	7005	TRUE	0.104	-0.3140419405564572	FALSE	990	69	0.07166361974405851
ENSG00000141391	chr18:13003343-13004133	24	1626	TRUE	0.356	-0.5936377892664195	FALSE	990	69	0.016509632963015046
ENSG00000134278	chr18:13003343-13004133	32	2971	TRUE	0.456	-0.33058932455955237	FALSE	990	69	0.030300473444897575
ENSG00000101624	chr18:13003343-13004133	67	6529	TRUE	0.54	-0.19786494803623977	FALSE	990	69	0.06680729386396662
ENSG00000267199	chr18:13003343-13004133	7	437	TRUE	0.884	-0.03553442934391082	FALSE	990	69	0.00437819340927202
ENSG00000101639	chr18:13003343-13004133	77	7005	TRUE	0.0014229462740117035	-0.7372533712810014	TRUE	990	70	0.07166361974405851
ENSG00000141385	chr18:13003343-13004133	374	37945	TRUE	0.0017539221278701778	-0.34653881162836	TRUE	990	70	0.4954296160877514
ENSG00000101654	chr18:13003343-13004133	279	26996	TRUE	0.003929124063551656	-0.38350081327503927	TRUE	990	70	0.3225331645806966
ENSG00000085415	chr18:13003343-13004133	260	23272	TRUE	0.00398748777612451	-0.428862298515436	TRUE	990	70	0.2692542070969859
ENSG00000128789	chr18:13003343-13004133	511	52878	TRUE	0.005367081568930843	-0.17487338131426444	TRUE	990	70	0.8118408100126564
ENSG00000177150	chr18:13003343-13004133	221	18475	TRUE	0.006082380923446724	-0.5043529071627546	TRUE	990	70	0.2070032344255379
ENSG00000101624	chr18:13003343-13004133	67	6529	TRUE	0.112	-0.4241408038599155	FALSE	990	70	0.06680729386396662
ENSG00000175354	chr18:13003343-13004133	243	23592	TRUE	0.26	-0.20037654402349303	FALSE	990	70	0.2704917264332255
ENSG00000141391	chr18:13003343-13004133	24	1626	TRUE	0.308	-0.5936377892664195	FALSE	990	70	0.016509632963015046
ENSG00000134278	chr18:13003343-13004133	32	2971	TRUE	0.404	0.0564337985496941	FALSE	990	70	0.030300473444897575
ENSG00000267199	chr18:13003343-13004133	7	437	TRUE	0.596	-0.45057192862275475	FALSE	990	70	0.00437819340927202
ENSG00000176014	chr18:13003343-13004133	360	33804	TRUE	0.8	-0.21294649342418936	FALSE	990	70	0.4409506398537477
ENSG00000128789	chr18:13003343-13004133	511	52878	TRUE	3.291869642975336e-11	-0.43188399952028816	TRUE	990	71	0.8118408100126564
ENSG00000101654	chr18:13003343-13004133	279	26996	TRUE	2.5863114237687423e-4	-0.47878131670814805	TRUE	990	71	0.3225331645806966
ENSG00000085415	chr18:13003343-13004133	260	23272	TRUE	3.5225597845241815e-4	-0.5232779004075425	TRUE	990	71	0.2692542070969859
ENSG00000175354	chr18:13003343-13004133	243	23592	TRUE	4.610946132579466e-4	-0.4198632341845301	TRUE	990	71	0.2704917264332255
ENSG00000141385	chr18:13003343-13004133	374	37945	TRUE	0.0017829530020706183	-0.36034461115339067	TRUE	990	71	0.4954296160877514
ENSG00000176014	chr18:13003343-13004133	360	33804	TRUE	0.009715280633700377	-0.3926180397760153	TRUE	990	71	0.4409506398537477
ENSG00000177150	chr18:13003343-13004133	221	18475	TRUE	0.04	-0.37882202507889584	TRUE	990	71	0.2070032344255379
ENSG00000101639	chr18:13003343-13004133	77	7005	TRUE	0.216	-0.3140419405564572	FALSE	990	71	0.07166361974405851
ENSG00000134278	chr18:13003343-13004133	32	2971	TRUE	0.396	0.09825397424432136	FALSE	990	71	0.030300473444897575
ENSG00000101624	chr18:13003343-13004133	67	6529	TRUE	0.58	-0.1747813349231988	FALSE	990	71	0.06680729386396662
ENSG00000267199	chr18:13003343-13004133	7	437	TRUE	0.616	-0.45057192862275475	FALSE	990	71	0.00437819340927202
ENSG00000141391	chr18:13003343-13004133	24	1626	TRUE	1	-0.1786002899875756	FALSE	990	71	0.016509632963015046
ENSG00000128789	chr18:13003343-13004133	511	52878	TRUE	4.5027057843989465e-7	-0.32754733970555266	TRUE	990	72	0.8118408100126564
ENSG00000101654	chr18:13003343-13004133	279	26996	TRUE	3.4371983382191704e-5	-0.47878131670814805	TRUE	990	72	0.3225331645806966
ENSG00000101624	chr18:13003343-13004133	67	6529	TRUE	2.280655777960154e-4	-0.942607892794165	TRUE	990	72	0.06680729386396662
ENSG00000141385	chr18:13003343-13004133	374	37945	TRUE	0.0010893496192520037	-0.37078635787503733	TRUE	990	72	0.4954296160877514
ENSG00000177150	chr18:13003343-13004133	221	18475	TRUE	0.010574552465588888	-0.46979568512638625	TRUE	990	72	0.2070032344255379
ENSG00000176014	chr18:13003343-13004133	360	33804	TRUE	0.024	-0.3736099250089311	TRUE	990	72	0.4409506398537477
ENSG00000267199	chr18:13003343-13004133	7	437	TRUE	0.044	-2.035534429343911	TRUE	990	72	0.00437819340927202
ENSG00000141391	chr18:13003343-13004133	24	1626	TRUE	0.14	0.34496166606943746	FALSE	990	72	0.016509632963015046
ENSG00000101639	chr18:13003343-13004133	77	7005	TRUE	0.152	-0.28979439430978005	FALSE	990	72	0.07166361974405851
ENSG00000085415	chr18:13003343-13004133	260	23272	TRUE	0.172	-0.2979016206322731	FALSE	990	72	0.2692542070969859
ENSG00000175354	chr18:13003343-13004133	243	23592	TRUE	0.504	-0.16588816763820247	FALSE	990	72	0.2704917264332255
ENSG00000134278	chr18:13003343-13004133	32	2971	TRUE	0.648	-0.22367412064304038	FALSE	990	72	0.030300473444897575
ENSG00000177150	chr18:13003343-13004133	221	18475	TRUE	3.7170721840801974e-06	-0.7726430384480438	TRUE	990	73	0.2070032344255379
ENSG00000128789	chr18:13003343-13004133	511	52878	TRUE	1.0581711453723258e-5	-0.2856632586692443	TRUE	990	73	0.8118408100126564
ENSG00000176014	chr18:13003343-13004133	360	33804	TRUE	0.024	-0.3698381711197227	TRUE	990	73	0.4409506398537477
ENSG00000085415	chr18:13003343-13004133	260	23272	TRUE	0.048	-0.37756106980992366	FALSE	990	73	0.2692542070969859
ENSG00000101654	chr18:13003343-13004133	279	26996	TRUE	0.056	-0.2992318963774354	FALSE	990	73	0.3225331645806966
ENSG00000267199	chr18:13003343-13004133	7	437	TRUE	0.076	-2.035534429343911	FALSE	990	73	0.00437819340927202
ENSG00000141385	chr18:13003343-13004133	374	37945	TRUE	0.132	-0.23741708924824756	FALSE	990	73	0.4954296160877514
ENSG00000101624	chr18:13003343-13004133	67	6529	TRUE	0.24	-0.2940802632955424	FALSE	990	73	0.06680729386396662
ENSG00000101639	chr18:13003343-13004133	77	7005	TRUE	0.364	-0.21940506641838242	FALSE	990	73	0.07166361974405851
ENSG00000134278	chr18:13003343-13004133	32	2971	TRUE	0.456	0.09825397424432136	FALSE	990	73	0.030300473444897575
ENSG00000175354	chr18:13003343-13004133	243	23592	TRUE	0.812	-0.061815713490515733	FALSE	990	73	0.2704917264332255
ENSG00000141391	chr18:13003343-13004133	24	1626	TRUE	0.904	-0.2717096943790569	FALSE	990	73	0.016509632963015046
ENSG00000128789	chr18:13003343-13004133	511	52878	TRUE	1.7185653931536815e-7	-0.3186280220170306	TRUE	990	74	0.8118408100126564
ENSG00000101624	chr18:13003343-13004133	67	6529	TRUE	3.065696630906965e-4	-0.8666590395608664	TRUE	990	74	0.06680729386396662
ENSG00000176014	chr18:13003343-13004133	360	33804	TRUE	0.0031435536131416697	-0.4472130150489291	TRUE	990	74	0.4409506398537477
ENSG00000177150	chr18:13003343-13004133	221	18475	TRUE	0.004821558297129623	-0.521946967177493	TRUE	990	74	0.2070032344255379
ENSG00000141385	chr18:13003343-13004133	374	37945	TRUE	0.018986768311787305	-0.29591273855839206	TRUE	990	74	0.4954296160877514
ENSG00000175354	chr18:13003343-13004133	243	23592	TRUE	0.024	-0.2965918592827961	TRUE	990	74	0.2704917264332255
ENSG00000085415	chr18:13003343-13004133	260	23272	TRUE	0.04	-0.3902163706159527	TRUE	990	74	0.2692542070969859
ENSG00000101654	chr18:13003343-13004133	279	26996	TRUE	0.092	-0.27387632210054136	FALSE	990	74	0.3225331645806966
ENSG00000134278	chr18:13003343-13004133	32	2971	TRUE	0.52	-0.27614154053717677	FALSE	990	74	0.030300473444897575
ENSG00000141391	chr18:13003343-13004133	24	1626	TRUE	0.528	-0.478160571846483	FALSE	990	74	0.016509632963015046
ENSG00000267199	chr18:13003343-13004133	7	437	TRUE	0.536	-0.45057192862275475	FALSE	990	74	0.00437819340927202
ENSG00000101639	chr18:13003343-13004133	77	7005	TRUE	0.684	-0.1092221486679592	FALSE	990	74	0.07166361974405851
ENSG00000176014	chr18:13003343-13004133	360	33804	TRUE	1.3321391422297952e-6	-0.5716603859734175	TRUE	990	75	0.4409506398537477
ENSG00000177150	chr18:13003343-13004133	221	18475	TRUE	2.1729819405363893e-4	-0.6038885807136691	TRUE	990	75	0.2070032344255379
ENSG00000175354	chr18:13003343-13004133	243	23592	TRUE	2.70348227801441e-4	-0.46807232722714986	TRUE	990	75	0.2704917264332255
ENSG00000134278	chr18:13003343-13004133	32	2971	TRUE	0.024	-0.8611040412583328	TRUE	990	75	0.030300473444897575
ENSG00000085415	chr18:13003343-13004133	260	23272	TRUE	0.028	-0.3712748069624925	TRUE	990	75	0.2692542070969859
ENSG00000101654	chr18:13003343-13004133	279	26996	TRUE	0.056	-0.2688582473339167	TRUE	990	75	0.3225331645806966
ENSG00000267199	chr18:13003343-13004133	7	437	TRUE	0.056	1.1343905720984013	TRUE	990	75	0.00437819340927202
ENSG00000128789	chr18:13003343-13004133	511	52878	TRUE	0.096	-0.11380823012853253	FALSE	990	75	0.8118408100126564
ENSG00000101639	chr18:13003343-13004133	77	7005	TRUE	0.368	-0.17431717688984394	FALSE	990	75	0.07166361974405851
ENSG00000141385	chr18:13003343-13004133	374	37945	TRUE	0.472	-0.16293887328897128	FALSE	990	75	0.4954296160877514
ENSG00000141391	chr18:13003343-13004133	24	1626	TRUE	0.656	-0.008675288545263449	FALSE	990	75	0.016509632963015046
ENSG00000101624	chr18:13003343-13004133	67	6529	TRUE	0.964	-0.12969344539466032	FALSE	990	75	0.06680729386396662
ENSG00000176014	chr18:13003343-13004133	360	33804	TRUE	5.6023162239276364e-5	-0.5080952571959514	TRUE	990	76	0.4409506398537477
ENSG00000175354	chr18:13003343-13004133	243	23592	TRUE	6.347833317109225e-4	-0.4403273367442455	TRUE	990	76	0.2704917264332255
ENSG00000128789	chr18:13003343-13004133	511	52878	TRUE	8.017806335508162e-4	-0.21361946380651692	TRUE	990	76	0.8118408100126564
ENSG00000141385	chr18:13003343-13004133	374	37945	TRUE	0.002933647281030502	-0.3362704761745331	TRUE	990	76	0.4954296160877514
ENSG00000101624	chr18:13003343-13004133	67	6529	TRUE	0.011384957393056006	-0.6926296397858178	TRUE	990	76	0.06680729386396662
ENSG00000085415	chr18:13003343-13004133	260	23272	TRUE	0.036	-0.3965858954916799	TRUE	990	76	0.2692542070969859
ENSG00000101654	chr18:13003343-13004133	279	26996	TRUE	0.068	-0.2688582473339167	FALSE	990	76	0.3225331645806966
ENSG00000134278	chr18:13003343-13004133	32	2971	TRUE	0.148	-0.5715974240633477	FALSE	990	76	0.030300473444897575
ENSG00000177150	chr18:13003343-13004133	221	18475	TRUE	0.324	-0.3084326971874978	FALSE	990	76	0.2070032344255379
ENSG00000101639	chr18:13003343-13004133	77	7005	TRUE	0.532	-0.006860431038281156	FALSE	990	76	0.07166361974405851
ENSG00000267199	chr18:13003343-13004133	7	437	TRUE	0.712	-0.45057192862275475	FALSE	990	76	0.00437819340927202
ENSG00000141391	chr18:13003343-13004133	24	1626	TRUE	0.856	-0.1786002899875756	FALSE	990	76	0.016509632963015046
ENSG00000128789	chr18:13003343-13004133	511	52878	TRUE	6.031600651608946e-7	-0.3365221433974282	TRUE	990	77	0.8118408100126564
ENSG00000176014	chr18:13003343-13004133	360	33804	TRUE	3.000491633301714e-5	-0.5501593167624954	TRUE	990	77	0.4409506398537477
ENSG00000141385	chr18:13003343-13004133	374	37945	TRUE	6.540023083263617e-4	-0.3638168030601957	TRUE	990	77	0.4954296160877514
ENSG00000175354	chr18:13003343-13004133	243	23592	TRUE	0.03260536490210242	-0.3028238129943108	TRUE	990	77	0.2704917264332255
ENSG00000101639	chr18:13003343-13004133	77	7005	TRUE	0.06	-0.38933006786069413	FALSE	990	77	0.07166361974405851
ENSG00000101624	chr18:13003343-13004133	67	6529	TRUE	0.072	-0.5373514143079068	FALSE	990	77	0.06680729386396662
ENSG00000101654	chr18:13003343-13004133	279	26996	TRUE	0.072	-0.3095002318312625	FALSE	990	77	0.3225331645806966
ENSG00000085415	chr18:13003343-13004133	260	23272	TRUE	0.228	-0.2801269189042972	FALSE	990	77	0.2692542070969859
ENSG00000141391	chr18:13003343-13004133	24	1626	TRUE	0.488	-0.478160571846483	FALSE	990	77	0.016509632963015046
ENSG00000267199	chr18:13003343-13004133	7	437	TRUE	0.544	0.5494280713772453	FALSE	990	77	0.00437819340927202
ENSG00000134278	chr18:13003343-13004133	32	2971	TRUE	0.608	-0.33058932455955237	FALSE	990	77	0.030300473444897575
ENSG00000177150	chr18:13003343-13004133	221	18475	TRUE	0.792	-0.21246363865677553	FALSE	990	77	0.2070032344255379
ENSG00000176014	chr18:13003343-13004133	360	33804	TRUE	1.4423554304302845e-4	-0.4875143797734993	TRUE	990	78	0.4409506398537477
ENSG00000085415	chr18:13003343-13004133	260	23272	TRUE	0.011482050243059469	-0.40940993584926355	TRUE	990	78	0.2692542070969859
ENSG00000141385	chr18:13003343-13004133	374	37945	TRUE	0.012119991883430645	-0.3125914797050223	TRUE	990	78	0.4954296160877514
ENSG00000134278	chr18:13003343-13004133	32	2971	TRUE	0.024	-1.031029042700645	TRUE	990	78	0.030300473444897575
ENSG00000101654	chr18:13003343-13004133	279	26996	TRUE	0.072	-0.2688582473339167	FALSE	990	78	0.3225331645806966
ENSG00000175354	chr18:13003343-13004133	243	23592	TRUE	0.104	-0.2597550911024247	FALSE	990	78	0.2704917264332255
ENSG00000101639	chr18:13003343-13004133	77	7005	TRUE	0.172	-0.3140419405564572	FALSE	990	78	0.07166361974405851
ENSG00000177150	chr18:13003343-13004133	221	18475	TRUE	0.176	-0.3392936608922583	FALSE	990	78	0.2070032344255379
ENSG00000128789	chr18:13003343-13004133	511	52878	TRUE	0.376	-0.06824565274808869	FALSE	990	78	0.8118408100126564
ENSG00000101624	chr18:13003343-13004133	67	6529	TRUE	0.668	-0.19786494803623977	FALSE	990	78	0.06680729386396662
ENSG00000267199	chr18:13003343-13004133	7	437	TRUE	0.68	-0.45057192862275475	FALSE	990	78	0.00437819340927202
ENSG00000141391	chr18:13003343-13004133	24	1626	TRUE	0.816	-0.2717096943790569	FALSE	990	78	0.016509632963015046
ENSG00000128789	chr18:13003343-13004133	511	52878	TRUE	7.36930463677616e-8	-0.35236365987676194	TRUE	990	79	0.8118408100126564
ENSG00000175354	chr18:13003343-13004133	243	23592	TRUE	8.806221178161815e-5	-0.48214751243887277	TRUE	990	79	0.2704917264332255
ENSG00000141385	chr18:13003343-13004133	374	37945	TRUE	1.2610926126766886e-4	-0.42053939307213695	TRUE	990	79	0.4954296160877514
ENSG00000101624	chr18:13003343-13004133	67	6529	TRUE	0.024	-0.5974724067454775	TRUE	990	79	0.06680729386396662
ENSG00000101654	chr18:13003343-13004133	279	26996	TRUE	0.024	-0.335495440364207	TRUE	990	79	0.3225331645806966
ENSG00000101639	chr18:13003343-13004133	77	7005	TRUE	0.028	-0.4687645353550991	TRUE	990	79	0.07166361974405851
ENSG00000176014	chr18:13003343-13004133	360	33804	TRUE	0.068	-0.34741240805848794	FALSE	990	79	0.4409506398537477
ENSG00000085415	chr18:13003343-13004133	260	23272	TRUE	0.108	-0.2979016206322731	FALSE	990	79	0.2692542070969859
ENSG00000177150	chr18:13003343-13004133	221	18475	TRUE	0.168	-0.34711316535155756	FALSE	990	79	0.2070032344255379
ENSG00000141391	chr18:13003343-13004133	24	1626	TRUE	0.172	0.2137171327911851	FALSE	990	79	0.016509632963015046
ENSG00000267199	chr18:13003343-13004133	7	437	TRUE	0.528	-0.45057192862275475	FALSE	990	79	0.00437819340927202
ENSG00000134278	chr18:13003343-13004133	32	2971	TRUE	0.78	-0.031029042700644993	FALSE	990	79	0.030300473444897575
ENSG00000141385	chr18:13003343-13004133	374	37945	TRUE	3.852572769136858e-6	-0.4795837473695258	TRUE	990	80	0.4954296160877514
ENSG00000128789	chr18:13003343-13004133	511	52878	TRUE	3.531321663553939e-4	-0.23025013835063762	TRUE	990	80	0.8118408100126564
ENSG00000177150	chr18:13003343-13004133	221	18475	TRUE	0.0018407432054685507	-0.5760543725169436	TRUE	990	80	0.2070032344255379
ENSG00000175354	chr18:13003343-13004133	243	23592	TRUE	0.01283637003349497	-0.34079166319333143	TRUE	990	80	0.2704917264332255
ENSG00000101624	chr18:13003343-13004133	67	6529	TRUE	0.018874593513794308	-0.56709875770195906	TRUE	990	80	0.06680729386396662
ENSG00000176014	chr18:13003343-13004133	360	33804	TRUE	0.028	-0.3698381711197227	TRUE	990	80	0.4409506398537477
ENSG00000101639	chr18:13003343-13004133	77	7005	TRUE	0.044	-0.4153252763936388	TRUE	990	80	0.07166361974405851
ENSG00000141391	chr18:13003343-13004133	24	1626	TRUE	0.184	-0.7191686713502783	FALSE	990	80	0.016509632963015046
ENSG00000267199	chr18:13003343-13004133	7	437	TRUE	0.42	0.2863936655434518	FALSE	990	80	0.00437819340927202
ENSG00000134278	chr18:13003343-13004133	32	2971	TRUE	0.536	0.013365076657808395	FALSE	990	80	0.030300473444897575
ENSG00000085415	chr18:13003343-13004133	260	23272	TRUE	0.58	-0.23377128321255758	FALSE	990	80	0.2692542070969859
ENSG00000101654	chr18:13003343-13004133	279	26996	TRUE	0.848	-0.10786637066161209	FALSE	990	80	0.3225331645806966
ENSG00000101654	chr18:13003343-13004133	279	26996	TRUE	7.017919507815822e-4	-0.4275559933529747	TRUE	990	81	0.3225331645806966
ENSG00000128789	chr18:13003343-13004133	511	52878	TRUE	0.001537510388798481	-0.20537546971160847	TRUE	990	81	0.8118408100126564
ENSG00000141385	chr18:13003343-13004133	374	37945	TRUE	0.028621948498255417	-0.2696214407394645	FALSE	990	81	0.4954296160877514
ENSG00000101639	chr18:13003343-13004133	77	7005	TRUE	0.052	-0.4417974877548305	FALSE	990	81	0.07166361974405851
ENSG00000101624	chr18:13003343-13004133	67	6529	TRUE	0.128	-0.4241408038599155	FALSE	990	81	0.06680729386396662
ENSG00000134278	chr18:13003343-13004133	32	2971	TRUE	0.168	-0.5715974240633477	FALSE	990	81	0.030300473444897575
ENSG00000177150	chr18:13003343-13004133	221	18475	TRUE	0.172	-0.3008195130776228	FALSE	990	81	0.2070032344255379
ENSG00000085415	chr18:13003343-13004133	260	23272	TRUE	0.24	-0.27425035256762786	FALSE	990	81	0.2692542070969859
ENSG00000141391	chr18:13003343-13004133	24	1626	TRUE	0.328	-0.5936377892664195	FALSE	990	81	0.016509632963015046
ENSG00000267199	chr18:13003343-13004133	7	437	TRUE	0.4	-1.0355344293439108	FALSE	990	81	0.00437819340927202
ENSG00000176014	chr18:13003343-13004133	360	33804	TRUE	0.408	-0.27861341107318416	FALSE	990	81	0.4409506398537477
ENSG00000175354	chr18:13003343-13004133	243	23592	TRUE	0.468	-0.17157927971605824	FALSE	990	81	0.2704917264332255
ENSG00000128789	chr18:13003343-13004133	511	52878	TRUE	2.6077857840152592e-8	-0.34781973473181366	TRUE	990	82	0.8118408100126564
ENSG00000085415	chr18:13003343-13004133	260	23272	TRUE	2.2984887449370222e-4	-0.5514289407216912	TRUE	990	82	0.2692542070969859
ENSG00000141385	chr18:13003343-13004133	374	37945	TRUE	0.004091054101304312	-0.3431079062280865	TRUE	990	82	0.4954296160877514
ENSG00000176014	chr18:13003343-13004133	360	33804	TRUE	0.006266662913900545	-0.4041442931570429	TRUE	990	82	0.4409506398537477
ENSG00000101654	chr18:13003343-13004133	279	26996	TRUE	0.015086490116640816	-0.34602610785637644	TRUE	990	82	0.3225331645806966
ENSG00000177150	chr18:13003343-13004133	221	18475	TRUE	0.01938336847713766	-0.48697082893451826	TRUE	990	82	0.2070032344255379
ENSG00000175354	chr18:13003343-13004133	243	23592	TRUE	0.024	-0.3028238129943108	TRUE	990	82	0.2704917264332255
ENSG00000267199	chr18:13003343-13004133	7	437	TRUE	0.068	-2.035534429343911	FALSE	990	82	0.00437819340927202
ENSG00000101624	chr18:13003343-13004133	67	6529	TRUE	0.208	-0.3707015448984552	FALSE	990	82	0.06680729386396662
ENSG00000141391	chr18:13003343-13004133	24	1626	TRUE	0.272	-0.5936377892664195	FALSE	990	82	0.016509632963015046
ENSG00000134278	chr18:13003343-13004133	32	2971	TRUE	0.292	-0.4460665419794889	FALSE	990	82	0.030300473444897575
ENSG00000101639	chr18:13003343-13004133	77	7005	TRUE	0.648	-0.1092221486679592	FALSE	990	82	0.07166361974405851
ENSG00000128789	chr18:13003343-13004133	511	52878	TRUE	4.960319742952309e-6	-0.28783762990358147	TRUE	990	83	0.8118408100126564
ENSG00000101654	chr18:13003343-13004133	279	26996	TRUE	9.601750985089902e-6	-0.5379164407954804	TRUE	990	83	0.3225331645806966
ENSG00000176014	chr18:13003343-13004133	360	33804	TRUE	2.24878113393943e-5	-0.5331862381587817	TRUE	990	83	0.4409506398537477
ENSG00000085415	chr18:13003343-13004133	260	23272	TRUE	0.0017208164916669832	-0.4685720083174072	TRUE	990	83	0.2692542070969859
ENSG00000175354	chr18:13003343-13004133	243	23592	TRUE	0.024	-0.32168284024562666	TRUE	990	83	0.2704917264332255
ENSG00000141385	chr18:13003343-13004133	374	37945	TRUE	0.036	-0.27614948373696213	TRUE	990	83	0.4954296160877514
ENSG00000177150	chr18:13003343-13004133	221	18475	TRUE	0.104	-0.36288048120987426	FALSE	990	83	0.2070032344255379
ENSG00000101639	chr18:13003343-13004133	77	7005	TRUE	0.136	-0.38933006786069413	FALSE	990	83	0.07166361974405851
ENSG00000267199	chr18:13003343-13004133	7	437	TRUE	0.184	0.7718204927136938	FALSE	990	83	0.00437819340927202
ENSG00000101624	chr18:13003343-13004133	67	6529	TRUE	0.204	-0.3707015448984552	FALSE	990	83	0.06680729386396662
ENSG00000141391	chr18:13003343-13004133	24	1626	TRUE	0.604	0.06932722345600961	FALSE	990	83	0.016509632963015046
ENSG00000134278	chr18:13003343-13004133	32	2971	TRUE	0.82	-0.17304804757307224	FALSE	990	83	0.030300473444897575
ENSG00000128789	chr18:13003343-13004133	511	52878	TRUE	1.06713698016446e-11	-0.4391155687513642	TRUE	990	84	0.8118408100126564
ENSG00000141385	chr18:13003343-13004133	374	37945	TRUE	3.840814878715076e-5	-0.4241597087508341	TRUE	990	84	0.4954296160877514
ENSG00000085415	chr18:13003343-13004133	260	23272	TRUE	0.0014330978207610923	-0.4888444033436685	TRUE	990	84	0.2692542070969859
ENSG00000176014	chr18:13003343-13004133	360	33804	TRUE	0.0034965712834385924	-0.43533891476063724	TRUE	990	84	0.4409506398537477
ENSG00000177150	chr18:13003343-13004133	221	18475	TRUE	0.024	-0.436046893771846	TRUE	990	84	0.2070032344255379
ENSG00000101624	chr18:13003343-13004133	67	6529	TRUE	0.036	-0.4516215402820225	TRUE	990	84	0.06680729386396662
ENSG00000101654	chr18:13003343-13004133	279	26996	TRUE	0.068	-0.28396513972412474	FALSE	990	84	0.3225331645806966
ENSG00000141391	chr18:13003343-13004133	24	1626	TRUE	0.076	-1.1786002899875756	FALSE	990	84	0.016509632963015046
ENSG00000101639	chr18:13003343-13004133	77	7005	TRUE	0.088	-0.38933006786069413	FALSE	990	84	0.07166361974405851
ENSG00000134278	chr18:13003343-13004133	32	2971	TRUE	0.104	-0.7091009478132824	FALSE	990	84	0.030300473444897575
ENSG00000175354	chr18:13003343-13004133	243	23592	TRUE	0.496	-0.14894830521649016	FALSE	990	84	0.2704917264332255
ENSG00000267199	chr18:13003343-13004133	7	437	TRUE	0.648	-0.45057192862275475	FALSE	990	84	0.00437819340927202
ENSG00000176014	chr18:13003343-13004133	360	33804	TRUE	3.3088219647287465e-6	-0.5716603859734175	TRUE	990	85	0.4409506398537477
ENSG00000175354	chr18:13003343-13004133	243	23592	TRUE	8.908769255755872e-4	-0.43347366570318324	TRUE	990	85	0.2704917264332255
ENSG00000101624	chr18:13003343-13004133	67	6529	TRUE	0.010208145704030419	-0.5974724067454775	TRUE	990	85	0.06680729386396662
ENSG00000141385	chr18:13003343-13004133	374	37945	TRUE	0.024	-0.27942461576982314	TRUE	990	85	0.4954296160877514
ENSG00000134278	chr18:13003343-13004133	32	2971	TRUE	0.048	-0.8611040412583328	FALSE	990	85	0.030300473444897575
ENSG00000128789	chr18:13003343-13004133	511	52878	TRUE	0.064	-0.1118807815574181	FALSE	990	85	0.8118408100126564
ENSG00000085415	chr18:13003343-13004133	260	23272	TRUE	0.136	-0.2979016206322731	FALSE	990	85	0.2692542070969859
ENSG00000267199	chr18:13003343-13004133	7	437	TRUE	0.212	0.7718204927136938	FALSE	990	85	0.00437819340927202
ENSG00000141391	chr18:13003343-13004133	24	1626	TRUE	0.288	0.14332780489978703	FALSE	990	85	0.016509632963015046
ENSG00000101639	chr18:13003343-13004133	77	7005	TRUE	0.344	-0.2424886795314234	FALSE	990	85	0.07166361974405851
ENSG00000101654	chr18:13003343-13004133	279	26996	TRUE	0.696	-0.08563642327814636	FALSE	990	85	0.3225331645806966
ENSG00000177150	chr18:13003343-13004133	221	18475	TRUE	0.712	-0.2268189316338458	FALSE	990	85	0.2070032344255379
ENSG00000176014	chr18:13003343-13004133	360	33804	TRUE	7.2884392535224765e-9	-0.6842522123497783	TRUE	990	86	0.4409506398537477
ENSG00000128789	chr18:13003343-13004133	511	52878	TRUE	2.1877998424847092e-7	-0.31418895685053355	TRUE	990	86	0.8118408100126564
ENSG00000101654	chr18:13003343-13004133	279	26996	TRUE	2.0747961594974596e-5	-0.5258939125462672	TRUE	990	86	0.3225331645806966
ENSG00000141385	chr18:13003343-13004133	374	37945	TRUE	2.8951050334953386e-4	-0.3954484121093066	TRUE	990	86	0.4954296160877514
ENSG00000085415	chr18:13003343-13004133	260	23272	TRUE	0.005305224901697707	-0.428862298515436	TRUE	990	86	0.2692542070969859
ENSG00000175354	chr18:13003343-13004133	243	23592	TRUE	0.006981400361472892	-0.3732131408857089	TRUE	990	86	0.2704917264332255
ENSG00000177150	chr18:13003343-13004133	221	18475	TRUE	0.01998168560407486	-0.4444103667064727	TRUE	990	86	0.2070032344255379
ENSG00000141391	chr18:13003343-13004133	24	1626	TRUE	0.044	-1.0086752885452634	TRUE	990	86	0.016509632963015046
ENSG00000267199	chr18:13003343-13004133	7	437	TRUE	0.224	0.7718204927136938	FALSE	990	86	0.00437819340927202
ENSG00000134278	chr18:13003343-13004133	32	2971	TRUE	0.336	0.0564337985496941	FALSE	990	86	0.030300473444897575
ENSG00000101624	chr18:13003343-13004133	67	6529	TRUE	0.356	-0.26941820906127356	FALSE	990	86	0.06680729386396662
ENSG00000101639	chr18:13003343-13004133	77	7005	TRUE	0.536	-0.19668498991829875	FALSE	990	86	0.07166361974405851
ENSG00000128789	chr18:13003343-13004133	511	52878	TRUE	6.463949102256214e-7	-0.3365221433974282	TRUE	990	87	0.8118408100126564
ENSG00000141385	chr18:13003343-13004133	374	37945	TRUE	5.202438949036504e-4	-0.3990062315224955	TRUE	990	87	0.4954296160877514
ENSG00000177150	chr18:13003343-13004133	221	18475	TRUE	0.00414972235462667	-0.521946967177493	TRUE	990	87	0.2070032344255379
ENSG00000101624	chr18:13003343-13004133	67	6529	TRUE	0.032	-0.5082050686483908	TRUE	990	87	0.06680729386396662
ENSG00000085415	chr18:13003343-13004133	260	23272	TRUE	0.036	-0.3587838627792954	TRUE	990	87	0.2692542070969859
ENSG00000176014	chr18:13003343-13004133	360	33804	TRUE	0.044	-0.3660762523235235	TRUE	990	87	0.4409506398537477
ENSG00000175354	chr18:13003343-13004133	243	23592	TRUE	0.06	-0.2719298050485268	FALSE	990	87	0.2704917264332255
ENSG00000101654	chr18:13003343-13004133	279	26996	TRUE	0.084	-0.26385756627555024	FALSE	990	87	0.3225331645806966
ENSG00000134278	chr18:13003343-13004133	32	2971	TRUE	0.12	-0.7091009478132824	FALSE	990	87	0.030300473444897575
ENSG00000141391	chr18:13003343-13004133	24	1626	TRUE	0.32	-0.5936377892664195	FALSE	990	87	0.016509632963015046
ENSG00000267199	chr18:13003343-13004133	7	437	TRUE	0.448	-0.45057192862275475	FALSE	990	87	0.00437819340927202
ENSG00000101639	chr18:13003343-13004133	77	7005	TRUE	0.888	-0.06740197297333239	FALSE	990	87	0.07166361974405851
ENSG00000128789	chr18:13003343-13004133	511	52878	TRUE	1.696243251710101e-8	-0.34555312775986874	TRUE	990	88	0.8118408100126564
ENSG00000141385	chr18:13003343-13004133	374	37945	TRUE	6.291581083489334e-7	-0.48713714180116086	TRUE	990	88	0.4954296160877514
ENSG00000176014	chr18:13003343-13004133	360	33804	TRUE	0.0012418621626069312	-0.4235617469842834	TRUE	990	88	0.4409506398537477
ENSG00000101654	chr18:13003343-13004133	279	26996	TRUE	0.0017689557903173454	-0.4053602472387787	TRUE	990	88	0.3225331645806966
ENSG00000177150	chr18:13003343-13004133	221	18475	TRUE	0.0018747536334506494	-0.5397582432939534	TRUE	990	88	0.2070032344255379
ENSG00000085415	chr18:13003343-13004133	260	23272	TRUE	0.00917727119105207	-0.43540514438220823	TRUE	990	88	0.2692542070969859
ENSG00000267199	chr18:13003343-13004133	7	437	TRUE	0.088	0.9644655706560892	FALSE	990	88	0.00437819340927202
ENSG00000101639	chr18:13003343-13004133	77	7005	TRUE	0.168	-0.338703994790726	FALSE	990	88	0.07166361974405851
ENSG00000101624	chr18:13003343-13004133	67	6529	TRUE	0.364	-0.26941820906127356	FALSE	990	88	0.06680729386396662
ENSG00000134278	chr18:13003343-13004133	32	2971	TRUE	0.432	0.013365076657808395	FALSE	990	88	0.030300473444897575
ENSG00000175354	chr18:13003343-13004133	243	23592	TRUE	0.916	-0.11565386511806586	FALSE	990	88	0.2704917264332255
ENSG00000141391	chr18:13003343-13004133	24	1626	TRUE	0.96	-0.2717096943790569	FALSE	990	88	0.016509632963015046
ENSG00000128789	chr18:13003343-13004133	511	52878	TRUE	3.315655399732984e-8	-0.3546410005878278	TRUE	990	89	0.8118408100126564
ENSG00000141385	chr18:13003343-13004133	374	37945	TRUE	8.876041427887922e-5	-0.4133259028395625	TRUE	990	89	0.4954296160877514
ENSG00000175354	chr18:13003343-13004133	243	23592	TRUE	7.414313973239176e-4	-0.4472137223294854	TRUE	990	89	0.2704917264332255
ENSG00000101654	chr18:13003343-13004133	279	26996	TRUE	0.0042858276932859415	-0.3407511658157023	TRUE	990	89	0.3225331645806966
ENSG00000101624	chr18:13003343-13004133	67	6529	TRUE	0.020450767463602512	-0.56709875770195906	TRUE	990	89	0.06680729386396662
ENSG00000101639	chr18:13003343-13004133	77	7005	TRUE	0.029088705932684977	-0.4417974877548305	TRUE	990	89	0.07166361974405851
ENSG00000176014	chr18:13003343-13004133	360	33804	TRUE	0.064	-0.3660762523235235	FALSE	990	89	0.4409506398537477
ENSG00000267199	chr18:13003343-13004133	7	437	TRUE	0.092	-2.035534429343911	FALSE	990	89	0.00437819340927202
ENSG00000085415	chr18:13003343-13004133	260	23272	TRUE	0.188	-0.2979016206322731	FALSE	990	89	0.2692542070969859
ENSG00000134278	chr18:13003343-13004133	32	2971	TRUE	0.192	0.17842432292830512	FALSE	990	89	0.030300473444897575
ENSG00000177150	chr18:13003343-13004133	221	18475	TRUE	0.244	-0.3315163103005392	FALSE	990	89	0.2070032344255379
ENSG00000141391	chr18:13003343-13004133	24	1626	TRUE	0.992	-0.1786002899875756	FALSE	990	89	0.016509632963015046
ENSG00000175354	chr18:13003343-13004133	243	23592	TRUE	7.660586183269244e-5	-0.475092754904922	TRUE	990	90	0.2704917264332255
ENSG00000176014	chr18:13003343-13004133	360	33804	TRUE	3.7225820789753977e-4	-0.4472130150489291	TRUE	990	90	0.4409506398537477
ENSG00000101654	chr18:13003343-13004133	279	26996	TRUE	0.0017313159058129374	-0.37808731708867493	TRUE	990	90	0.3225331645806966
ENSG00000141385	chr18:13003343-13004133	374	37945	TRUE	0.005639100940906673	-0.32269206967399244	TRUE	990	90	0.4954296160877514
ENSG00000128789	chr18:13003343-13004133	511	52878	TRUE	0.010122362726601195	-0.16484766312899807	TRUE	990	90	0.8118408100126564
ENSG00000101639	chr18:13003343-13004133	77	7005	TRUE	0.06	-0.4687645353550991	FALSE	990	90	0.07166361974405851
ENSG00000141391	chr18:13003343-13004133	24	1626	TRUE	0.064	-0.856672195100213	FALSE	990	90	0.016509632963015046
ENSG00000085415	chr18:13003343-13004133	260	23272	TRUE	0.068	-0.32802160900860855	FALSE	990	90	0.2692542070969859
ENSG00000177150	chr18:13003343-13004133	221	18475	TRUE	0.208	-0.3084326971874978	FALSE	990	90	0.2070032344255379
ENSG00000134278	chr18:13003343-13004133	32	2971	TRUE	0.324	-0.4460665419794889	FALSE	990	90	0.030300473444897575
ENSG00000267199	chr18:13003343-13004133	7	437	TRUE	0.328	-1.0355344293439108	FALSE	990	90	0.00437819340927202
ENSG00000101624	chr18:13003343-13004133	67	6529	TRUE	0.42	-0.26941820906127356	FALSE	990	90	0.06680729386396662
ENSG00000128789	chr18:13003343-13004133	511	52878	TRUE	4.2236220853011186e-9	-0.37993191988556646	TRUE	990	91	0.8118408100126564
ENSG00000085415	chr18:13003343-13004133	260	23272	TRUE	0.005859127750335834	-0.42234899155676153	TRUE	990	91	0.2692542070969859
ENSG00000141385	chr18:13003343-13004133	374	37945	TRUE	0.024	-0.29591273855839206	TRUE	990	91	0.4954296160877514
ENSG00000101654	chr18:13003343-13004133	279	26996	TRUE	0.044	-0.30435692855530294	FALSE	990	91	0.3225331645806966
ENSG00000177150	chr18:13003343-13004133	221	18475	TRUE	0.044	-0.41946400957624164	FALSE	990	91	0.2070032344255379
ENSG00000141391	chr18:13003343-13004133	24	1626	TRUE	0.092	-0.856672195100213	FALSE	990	91	0.016509632963015046
ENSG00000175354	chr18:13003343-13004133	243	23592	TRUE	0.092	-0.2658296055121092	FALSE	990	91	0.2704917264332255
ENSG00000101624	chr18:13003343-13004133	67	6529	TRUE	0.208	-0.3447063363655105	FALSE	990	91	0.06680729386396662
ENSG00000101639	chr18:13003343-13004133	77	7005	TRUE	0.268	-0.21940506641838242	FALSE	990	91	0.07166361974405851
ENSG00000176014	chr18:13003343-13004133	360	33804	TRUE	0.448	-0.2505990349035876	FALSE	990	91	0.4409506398537477
ENSG00000267199	chr18:13003343-13004133	7	437	TRUE	0.612	0.2863936655434518	FALSE	990	91	0.00437819340927202
ENSG00000134278	chr18:13003343-13004133	32	2971	TRUE	0.676	-0.22367412064304038	FALSE	990	91	0.030300473444897575
ENSG00000128789	chr18:13003343-13004133	511	52878	TRUE	2.0520513687818953e-8	-0.3614946716288903	TRUE	990	92	0.8118408100126564
ENSG00000141385	chr18:13003343-13004133	374	37945	TRUE	5.5793255684268624e-5	-0.43507548623001735	TRUE	990	92	0.4954296160877514
ENSG00000101654	chr18:13003343-13004133	279	26996	TRUE	3.42141385070062e-4	-0.4500985620040632	TRUE	990	92	0.3225331645806966
ENSG00000101639	chr18:13003343-13004133	77	7005	TRUE	0.024	-0.4962452717772061	TRUE	990	92	0.07166361974405851
ENSG00000134278	chr18:13003343-13004133	32	2971	TRUE	0.032	-0.8611040412583328	TRUE	990	92	0.030300473444897575
ENSG00000177150	chr18:13003343-13004133	221	18475	TRUE	0.032	-0.436046893771846	TRUE	990	92	0.2070032344255379
ENSG00000176014	chr18:13003343-13004133	360	33804	TRUE	0.068	-0.314414132501031	FALSE	990	92	0.4409506398537477
ENSG00000085415	chr18:13003343-13004133	260	23272	TRUE	0.252	-0.2509805732447805	FALSE	990	92	0.2692542070969859
ENSG00000267199	chr18:13003343-13004133	7	437	TRUE	0.28	-1.0355344293439108	FALSE	990	92	0.00437819340927202
ENSG00000175354	chr18:13003343-13004133	243	23592	TRUE	0.804	-0.0724238130564967	FALSE	990	92	0.2704917264332255
ENSG00000101624	chr18:13003343-13004133	67	6529	TRUE	0.856	-0.12969344539466032	FALSE	990	92	0.06680729386396662
ENSG00000141391	chr18:13003343-13004133	24	1626	TRUE	0.944	-0.1786002899875756	FALSE	990	92	0.016509632963015046
ENSG00000128789	chr18:13003343-13004133	511	52878	TRUE	2.282445690468875e-7	-0.32978581190155226	TRUE	990	93	0.8118408100126564
ENSG00000141385	chr18:13003343-13004133	374	37945	TRUE	3.2593411685209826e-6	-0.47582182857332656	TRUE	990	93	0.4954296160877514
ENSG00000085415	chr18:13003343-13004133	260	23272	TRUE	2.6447707522242372e-5	-0.5657131667279391	TRUE	990	93	0.2692542070969859
ENSG00000101654	chr18:13003343-13004133	279	26996	TRUE	8.384337057232311e-4	-0.4275559933529747	TRUE	990	93	0.3225331645806966
ENSG00000176014	chr18:13003343-13004133	360	33804	TRUE	0.06	-0.35112591085755196	FALSE	990	93	0.4409506398537477
ENSG00000101639	chr18:13003343-13004133	77	7005	TRUE	0.064	-0.338703994790726	FALSE	990	93	0.07166361974405851
ENSG00000175354	chr18:13003343-13004133	243	23592	TRUE	0.204	-0.20620562282569055	FALSE	990	93	0.2704917264332255
ENSG00000101624	chr18:13003343-13004133	67	6529	TRUE	0.384	0.07675743207276575	FALSE	990	93	0.06680729386396662
ENSG00000267199	chr18:13003343-13004133	7	437	TRUE	0.688	0.2863936655434518	FALSE	990	93	0.00437819340927202
ENSG00000141391	chr18:13003343-13004133	24	1626	TRUE	0.696	-0.008675288545263449	FALSE	990	93	0.016509632963015046
ENSG00000177150	chr18:13003343-13004133	221	18475	TRUE	0.776	-0.14957593270138547	FALSE	990	93	0.2070032344255379
ENSG00000134278	chr18:13003343-13004133	32	2971	TRUE	0.992	-0.22367412064304038	FALSE	990	93	0.030300473444897575
ENSG00000128789	chr18:13003343-13004133	511	52878	TRUE	1.7118084081635437e-6	-0.30755586451808653	TRUE	990	94	0.8118408100126564
ENSG00000177150	chr18:13003343-13004133	221	18475	TRUE	4e-4	-0.661221755779621	TRUE	990	94	0.2070032344255379
ENSG00000101654	chr18:13003343-13004133	279	26996	TRUE	0.0016497926739674346	-0.38350081327503927	TRUE	990	94	0.3225331645806966
ENSG00000141385	chr18:13003343-13004133	374	37945	TRUE	0.009906296743545248	-0.32269206967399244	TRUE	990	94	0.4954296160877514
ENSG00000101624	chr18:13003343-13004133	67	6529	TRUE	0.028	-0.5974724067454775	TRUE	990	94	0.06680729386396662
ENSG00000085415	chr18:13003343-13004133	260	23272	TRUE	0.052	-0.383874843742126	FALSE	990	94	0.2692542070969859
ENSG00000267199	chr18:13003343-13004133	7	437	TRUE	0.06	-2.035534429343911	FALSE	990	94	0.00437819340927202
ENSG00000175354	chr18:13003343-13004133	243	23592	TRUE	0.388	2.452546417359702e-4	FALSE	990	94	0.2704917264332255
ENSG00000176014	chr18:13003343-13004133	360	33804	TRUE	0.492	-0.23336232997828343	FALSE	990	94	0.4409506398537477
ENSG00000101639	chr18:13003343-13004133	77	7005	TRUE	0.5	0.05124252352528691	FALSE	990	94	0.07166361974405851
ENSG00000134278	chr18:13003343-13004133	32	2971	TRUE	0.756	-0.22367412064304038	FALSE	990	94	0.030300473444897575
ENSG00000141391	chr18:13003343-13004133	24	1626	TRUE	0.94	-0.1786002899875756	FALSE	990	94	0.016509632963015046
ENSG00000128789	chr18:13003343-13004133	511	52878	TRUE	2.569253183984866e-10	-0.40803725756592063	TRUE	990	95	0.8118408100126564
ENSG00000141385	chr18:13003343-13004133	374	37945	TRUE	3.3448154435398005e-6	-0.490928720963535	TRUE	990	95	0.4954296160877514
ENSG00000101654	chr18:13003343-13004133	279	26996	TRUE	1.7151529626563823e-5	-0.5318926531677104	TRUE	990	95	0.3225331645806966
ENSG00000175354	chr18:13003343-13004133	243	23592	TRUE	0.002646055397689348	-0.38638852963344195	TRUE	990	95	0.2704917264332255
ENSG00000177150	chr18:13003343-13004133	221	18475	TRUE	0.010505002818324241	-0.46979568512638625	TRUE	990	95	0.2070032344255379
ENSG00000085415	chr18:13003343-13004133	260	23272	TRUE	0.03389668402724544	-0.383874843742126	TRUE	990	95	0.2692542070969859
ENSG00000176014	chr18:13003343-13004133	360	33804	TRUE	0.036	-0.3736099250089311	TRUE	990	95	0.4409506398537477
ENSG00000101639	chr18:13003343-13004133	77	7005	TRUE	0.06	-0.4153252763936388	TRUE	990	95	0.07166361974405851
ENSG00000134278	chr18:13003343-13004133	32	2971	TRUE	0.248	-0.5074670866436319	FALSE	990	95	0.030300473444897575
ENSG00000267199	chr18:13003343-13004133	7	437	TRUE	0.392	0.5494280713772453	FALSE	990	95	0.00437819340927202
ENSG00000101624	chr18:13003343-13004133	67	6529	TRUE	0.456	-0.26941820906127356	FALSE	990	95	0.06680729386396662
ENSG00000141391	chr18:13003343-13004133	24	1626	TRUE	0.536	-0.371245367929971	FALSE	990	95	0.016509632963015046
ENSG00000141385	chr18:13003343-13004133	374	37945	TRUE	9.712497102574275e-5	-0.42053939307213695	TRUE	990	96	0.4954296160877514
ENSG00000101624	chr18:13003343-13004133	67	6529	TRUE	9.661774579162105e-4	-0.8301331635357525	TRUE	990	96	0.06680729386396662
ENSG00000101639	chr18:13003343-13004133	77	7005	TRUE	0.009993870338356248	-0.5242596479468027	TRUE	990	96	0.07166361974405851
ENSG00000128789	chr18:13003343-13004133	511	52878	TRUE	0.012911733921485063	-0.14106643717295642	TRUE	990	96	0.8118408100126564
ENSG00000085415	chr18:13003343-13004133	260	23272	TRUE	0.024	-0.40298366668983077	TRUE	990	96	0.2692542070969859
ENSG00000177150	chr18:13003343-13004133	221	18475	TRUE	0.032	-0.4528226065226728	TRUE	990	96	0.2070032344255379
ENSG00000101654	chr18:13003343-13004133	279	26996	TRUE	0.068	-0.30435692855530294	FALSE	990	96	0.3225331645806966
ENSG00000175354	chr18:13003343-13004133	243	23592	TRUE	0.104	-0.2476822588018497	FALSE	990	96	0.2704917264332255
ENSG00000176014	chr18:13003343-13004133	360	33804	TRUE	0.14	-0.30718256326995497	FALSE	990	96	0.4409506398537477
ENSG00000134278	chr18:13003343-13004133	32	2971	TRUE	0.464	-0.33058932455955237	FALSE	990	96	0.030300473444897575
ENSG00000141391	chr18:13003343-13004133	24	1626	TRUE	0.692	-0.2717096943790569	FALSE	990	96	0.016509632963015046
ENSG00000267199	chr18:13003343-13004133	7	437	TRUE	0.828	0.2863936655434518	FALSE	990	96	0.00437819340927202
ENSG00000141385	chr18:13003343-13004133	374	37945	TRUE	4.151994064138104e-5	-0.4534540155448722	TRUE	990	97	0.4954296160877514
ENSG00000175354	chr18:13003343-13004133	243	23592	TRUE	0.003021039329101512	-0.3996853522468997	TRUE	990	97	0.2704917264332255
ENSG00000101624	chr18:13003343-13004133	67	6529	TRUE	0.006510927983602019	-0.6284993023661021	TRUE	990	97	0.06680729386396662
ENSG00000128789	chr18:13003343-13004133	511	52878	TRUE	0.007822056802158708	-0.16085680293296367	TRUE	990	97	0.8118408100126564
ENSG00000267199	chr18:13003343-13004133	7	437	TRUE	0.01769585224946285	-Inf	TRUE	990	97	0.00437819340927202
ENSG00000141391	chr18:13003343-13004133	24	1626	TRUE	0.024	-1.1786002899875756	TRUE	990	97	0.016509632963015046
ENSG00000085415	chr18:13003343-13004133	260	23272	TRUE	0.104	-0.32802160900860855	FALSE	990	97	0.2692542070969859
ENSG00000101639	chr18:13003343-13004133	77	7005	TRUE	0.18	-0.26594765235541207	FALSE	990	97	0.07166361974405851
ENSG00000101654	chr18:13003343-13004133	279	26996	TRUE	0.348	-0.21961472831406748	FALSE	990	97	0.3225331645806966
ENSG00000177150	chr18:13003343-13004133	221	18475	TRUE	0.432	-0.28571262068741454	FALSE	990	97	0.2070032344255379
ENSG00000134278	chr18:13003343-13004133	32	2971	TRUE	0.512	0.013365076657808395	FALSE	990	97	0.030300473444897575
ENSG00000176014	chr18:13003343-13004133	360	33804	TRUE	0.928	-0.1961512508812111	FALSE	990	97	0.4409506398537477
ENSG00000176014	chr18:13003343-13004133	360	33804	TRUE	2.907824671255386e-4	-0.49160713440738246	TRUE	990	98	0.4409506398537477
ENSG00000085415	chr18:13003343-13004133	260	23272	TRUE	6.853397277263515e-4	-0.4956656691996826	TRUE	990	98	0.2692542070969859
ENSG00000141385	chr18:13003343-13004133	374	37945	TRUE	0.0014116163527806216	-0.34653881162836	TRUE	990	98	0.4954296160877514
ENSG00000177150	chr18:13003343-13004133	221	18475	TRUE	0.012036010494019644	-0.4528226065226728	TRUE	990	98	0.2070032344255379
ENSG00000267199	chr18:13003343-13004133	7	437	TRUE	0.013445639991802372	-Inf	TRUE	990	98	0.00437819340927202
ENSG00000101654	chr18:13003343-13004133	279	26996	TRUE	0.044	-0.27387632210054136	TRUE	990	98	0.3225331645806966
ENSG00000128789	chr18:13003343-13004133	511	52878	TRUE	0.048	-0.14697509406373188	TRUE	990	98	0.8118408100126564
ENSG00000134278	chr18:13003343-13004133	32	2971	TRUE	0.168	-0.5715974240633477	FALSE	990	98	0.030300473444897575
ENSG00000175354	chr18:13003343-13004133	243	23592	TRUE	0.276	-0.20620562282569055	FALSE	990	98	0.2704917264332255
ENSG00000101639	chr18:13003343-13004133	77	7005	TRUE	0.4	-0.19668498991829875	FALSE	990	98	0.07166361974405851
ENSG00000141391	chr18:13003343-13004133	24	1626	TRUE	0.764	-0.2717096943790569	FALSE	990	98	0.016509632963015046
ENSG00000101624	chr18:13003343-13004133	67	6529	TRUE	0.784	-0.1747813349231988	FALSE	990	98	0.06680729386396662
ENSG00000141385	chr18:13003343-13004133	374	37945	TRUE	1.8158691141999424e-8	-0.5649293024073115	TRUE	990	99	0.4954296160877514
ENSG00000128789	chr18:13003343-13004133	511	52878	TRUE	0.005982590664683596	-0.16884959368649444	TRUE	990	99	0.8118408100126564
ENSG00000175354	chr18:13003343-13004133	243	23592	TRUE	0.052	-0.2842081348269636	FALSE	990	99	0.2704917264332255
ENSG00000101639	chr18:13003343-13004133	77	7005	TRUE	0.184	-0.338703994790726	FALSE	990	99	0.07166361974405851
ENSG00000134278	chr18:13003343-13004133	32	2971	TRUE	0.276	-0.4460665419794889	FALSE	990	99	0.030300473444897575
ENSG00000085415	chr18:13003343-13004133	260	23272	TRUE	0.284	-0.2683976263221899	FALSE	990	99	0.2692542070969859
ENSG00000177150	chr18:13003343-13004133	221	18475	TRUE	0.416	-0.3008195130776228	FALSE	990	99	0.2070032344255379
ENSG00000101624	chr18:13003343-13004133	67	6529	TRUE	0.432	-0.24517066281459643	FALSE	990	99	0.06680729386396662
ENSG00000141391	chr18:13003343-13004133	24	1626	TRUE	0.48	0.14332780489978703	FALSE	990	99	0.016509632963015046
ENSG00000267199	chr18:13003343-13004133	7	437	TRUE	0.512	-0.45057192862275475	FALSE	990	99	0.00437819340927202
ENSG00000176014	chr18:13003343-13004133	360	33804	TRUE	0.544	-0.22311829848148057	FALSE	990	99	0.4409506398537477
ENSG00000101654	chr18:13003343-13004133	279	26996	TRUE	0.632	-0.16265884350199133	FALSE	990	99	0.3225331645806966
ENSG00000085415	chr18:13003343-13004133	260	23272	TRUE	1.4241669363435313e-7	-0.7329490806426113	TRUE	990	100	0.2692542070969859
ENSG00000141385	chr18:13003343-13004133	374	37945	TRUE	1.6676212762123648e-5	-0.4387325098381064	TRUE	990	100	0.4954296160877514
ENSG00000267199	chr18:13003343-13004133	7	437	TRUE	0.019502472529730086	-Inf	TRUE	990	100	0.00437819340927202
ENSG00000134278	chr18:13003343-13004133	32	2971	TRUE	0.04	-0.7831015292570598	FALSE	990	100	0.030300473444897575
ENSG00000101624	chr18:13003343-13004133	67	6529	TRUE	0.052	-0.5082050686483908	FALSE	990	100	0.06680729386396662
ENSG00000176014	chr18:13003343-13004133	360	33804	TRUE	0.084	-0.3363289089294714	FALSE	990	100	0.4409506398537477
ENSG00000175354	chr18:13003343-13004133	243	23592	TRUE	0.124	-0.2658296055121092	FALSE	990	100	0.2704917264332255
ENSG00000141391	chr18:13003343-13004133	24	1626	TRUE	0.24	-0.7191686713502783	FALSE	990	100	0.016509632963015046
ENSG00000128789	chr18:13003343-13004133	511	52878	TRUE	0.256	-0.07574018929501297	FALSE	990	100	0.8118408100126564
ENSG00000177150	chr18:13003343-13004133	221	18475	TRUE	0.54	-0.25596527729336227	FALSE	990	100	0.2070032344255379
ENSG00000101639	chr18:13003343-13004133	77	7005	TRUE	0.756	0.012768375710650925	FALSE	990	100	0.07166361974405851
ENSG00000101654	chr18:13003343-13004133	279	26996	TRUE	0.972	-0.10786637066161209	FALSE	990	100	0.3225331645806966
ENSG00000265681	chr18:48542726-48543809	447	42519	TRUE	2.7396782987487408e-6	-0.4344444259361826	TRUE	1016	1	0.5816340880326255
ENSG00000175387	chr18:48542726-48543809	226	20974	TRUE	0.007411224890423396	-0.3838662796169614	TRUE	1016	1	0.23832559883748183
ENSG00000101665	chr18:48542726-48543809	15	1430	TRUE	0.011910059221073938	-1.5758280818140786	TRUE	1016	1	0.014147096048375756
ENSG00000134030	chr18:48542726-48543809	10	938	TRUE	0.018297356330219894	-2.3497529105243977	TRUE	1016	1	0.009328270754230535
ENSG00000141627	chr18:48542726-48543809	126	14952	TRUE	0.024	-0.2299350060501335	TRUE	1016	1	0.16553696151502367
ENSG00000177576	chr18:48542726-48543809	17	2021	TRUE	0.968	-0.10658665733018147	FALSE	1016	1	0.01984718511226738
ENSG00000175387	chr18:48542726-48543809	226	20974	TRUE	1.3490891359879166e-4	-0.5263779240847133	TRUE	1016	2	0.23832559883748183
ENSG00000141627	chr18:48542726-48543809	126	14952	TRUE	0.0076901116581773454	-0.24050424776032076	TRUE	1016	2	0.16553696151502367
ENSG00000265681	chr18:48542726-48543809	447	42519	TRUE	0.104	-0.20761703325939318	FALSE	1016	2	0.5816340880326255
ENSG00000177576	chr18:48542726-48543809	17	2021	TRUE	0.608	-0.25858975077523105	FALSE	1016	2	0.01984718511226738
ENSG00000101665	chr18:48542726-48543809	15	1430	TRUE	0.72	-0.3127936759802843	FALSE	1016	2	0.014147096048375756
ENSG00000134030	chr18:48542726-48543809	10	938	TRUE	0.892	-0.3497529105243977	FALSE	1016	2	0.009328270754230535
ENSG00000175387	chr18:48542726-48543809	226	20974	TRUE	1.2007239909774957e-8	-0.747457013477129	TRUE	1016	3	0.23832559883748183
ENSG00000265681	chr18:48542726-48543809	447	42519	TRUE	1.2640606665352653e-8	-0.49800955471364894	TRUE	1016	3	0.5816340880326255
ENSG00000141627	chr18:48542726-48543809	126	14952	TRUE	0.26	0.17982755118803606	FALSE	1016	3	0.16553696151502367
ENSG00000134030	chr18:48542726-48543809	10	938	TRUE	0.584	0.1096787081128987	FALSE	1016	3	0.009328270754230535
ENSG00000177576	chr18:48542726-48543809	17	2021	TRUE	0.612	-0.0361973294387834	FALSE	1016	3	0.01984718511226738
ENSG00000101665	chr18:48542726-48543809	15	1430	TRUE	0.66	0.10224382329855963	FALSE	1016	3	0.014147096048375756
ENSG00000265681	chr18:48542726-48543809	447	42519	TRUE	8.063139130444288e-8	-0.47864422984671773	TRUE	1016	4	0.5816340880326255
ENSG00000175387	chr18:48542726-48543809	226	20974	TRUE	0.028	-0.3555772351855375	TRUE	1016	4	0.23832559883748183
ENSG00000141627	chr18:48542726-48543809	126	14952	TRUE	0.204	-0.05184268373642276	FALSE	1016	4	0.16553696151502367
ENSG00000177576	chr18:48542726-48543809	17	2021	TRUE	0.544	-0.25858975077523105	FALSE	1016	4	0.01984718511226738
ENSG00000134030	chr18:48542726-48543809	10	938	TRUE	0.572	-0.3497529105243977	FALSE	1016	4	0.009328270754230535
ENSG00000101665	chr18:48542726-48543809	15	1430	TRUE	0.868	-0.09040125464383664	FALSE	1016	4	0.014147096048375756
ENSG00000265681	chr18:48542726-48543809	447	42519	TRUE	1.287681356755869e-5	-0.38854357532757455	TRUE	1016	5	0.5816340880326255
ENSG00000175387	chr18:48542726-48543809	226	20974	TRUE	0.0014374585583221966	-0.4496207251006754	TRUE	1016	5	0.23832559883748183
ENSG00000141627	chr18:48542726-48543809	126	14952	TRUE	0.132	-0.12829474417429587	FALSE	1016	5	0.16553696151502367
ENSG00000101665	chr18:48542726-48543809	15	1430	TRUE	0.488	-0.3127936759802843	FALSE	1016	5	0.014147096048375756
ENSG00000177576	chr18:48542726-48543809	17	2021	TRUE	0.596	-0.25858975077523105	FALSE	1016	5	0.01984718511226738
ENSG00000134030	chr18:48542726-48543809	10	938	TRUE	0.98	-0.542397988466794	FALSE	1016	5	0.009328270754230535
ENSG00000177576	chr18:48542726-48543809	17	2021	TRUE	4.901146920452681e-4	-1.8435522514963871	TRUE	1016	6	0.01984718511226738
ENSG00000175387	chr18:48542726-48543809	226	20974	TRUE	0.088	-0.2805265299242765	FALSE	1016	6	0.23832559883748183
ENSG00000141627	chr18:48542726-48543809	126	14952	TRUE	0.204	-0.09914839851477941	FALSE	1016	6	0.16553696151502367
ENSG00000101665	chr18:48542726-48543809	15	1430	TRUE	0.264	-0.5758280818140786	FALSE	1016	6	0.014147096048375756
ENSG00000265681	chr18:48542726-48543809	447	42519	TRUE	0.58	-0.1401405787571729	FALSE	1016	6	0.5816340880326255
ENSG00000134030	chr18:48542726-48543809	10	938	TRUE	0.824	-0.027824815637035982	FALSE	1016	6	0.009328270754230535
ENSG00000175387	chr18:48542726-48543809	226	20974	TRUE	0.06	-0.3006107759676091	FALSE	1016	7	0.23832559883748183
ENSG00000265681	chr18:48542726-48543809	447	42519	TRUE	0.204	-0.16830410923456718	FALSE	1016	7	0.5816340880326255
ENSG00000141627	chr18:48542726-48543809	126	14952	TRUE	0.304	-0.06118054831575881	FALSE	1016	7	0.16553696151502367
ENSG00000134030	chr18:48542726-48543809	10	938	TRUE	0.532	-0.542397988466794	FALSE	1016	7	0.009328270754230535
ENSG00000101665	chr18:48542726-48543809	15	1430	TRUE	0.66	-0.19731645856034863	FALSE	1016	7	0.014147096048375756
ENSG00000177576	chr18:48542726-48543809	17	2021	TRUE	0.752	-0.0361973294387834	FALSE	1016	7	0.01984718511226738
ENSG00000141627	chr18:48542726-48543809	126	14952	TRUE	0.0028119921198194106	-0.2726846535094709	TRUE	1016	8	0.16553696151502367
ENSG00000175387	chr18:48542726-48543809	226	20974	TRUE	0.0037433686592150614	-0.4273679182535477	TRUE	1016	8	0.23832559883748183
ENSG00000177576	chr18:48542726-48543809	17	2021	TRUE	0.032	0.3788401698400605	TRUE	1016	8	0.01984718511226738
ENSG00000134030	chr18:48542726-48543809	10	938	TRUE	0.364	-1.027824815637036	FALSE	1016	8	0.009328270754230535
ENSG00000265681	chr18:48542726-48543809	447	42519	TRUE	0.568	-0.12500727523201727	FALSE	1016	8	0.5816340880326255
ENSG00000101665	chr18:48542726-48543809	15	1430	TRUE	0.988	-0.09040125464383664	FALSE	1016	8	0.014147096048375756
ENSG00000265681	chr18:48542726-48543809	447	42519	TRUE	3.2843442648895034e-5	-0.3587347661115212	TRUE	1016	9	0.5816340880326255
ENSG00000141627	chr18:48542726-48543809	126	14952	TRUE	0.232	-0.08003957556707464	FALSE	1016	9	0.16553696151502367
ENSG00000101665	chr18:48542726-48543809	15	1430	TRUE	0.472	-0.43832455806414394	FALSE	1016	9	0.014147096048375756
ENSG00000134030	chr18:48542726-48543809	10	938	TRUE	0.616	0.1096787081128987	FALSE	1016	9	0.009328270754230535
ENSG00000177576	chr18:48542726-48543809	17	2021	TRUE	0.676	-0.25858975077523105	FALSE	1016	9	0.01984718511226738
ENSG00000175387	chr18:48542726-48543809	226	20974	TRUE	0.756	-0.0937105307840782	FALSE	1016	9	0.23832559883748183
ENSG00000175387	chr18:48542726-48543809	226	20974	TRUE	4.002714181629383e-8	-0.7291948070844008	TRUE	1016	10	0.23832559883748183
ENSG00000265681	chr18:48542726-48543809	447	42519	TRUE	9.529641715622247e-7	-0.4500750776499469	TRUE	1016	10	0.5816340880326255
ENSG00000101665	chr18:48542726-48543809	15	1430	TRUE	0.00851509887156393	-1.5758280818140786	TRUE	1016	10	0.014147096048375756
ENSG00000141627	chr18:48542726-48543809	126	14952	TRUE	0.072	-0.1580420875683477	FALSE	1016	10	0.16553696151502367
ENSG00000134030	chr18:48542726-48543809	10	938	TRUE	0.48	-0.542397988466794	FALSE	1016	10	0.009328270754230535
ENSG00000177576	chr18:48542726-48543809	17	2021	TRUE	0.968	-0.10658665733018147	FALSE	1016	10	0.01984718511226738
ENSG00000265681	chr18:48542726-48543809	447	42519	TRUE	0.024	-0.24530150894972924	FALSE	1016	11	0.5816340880326255
ENSG00000101665	chr18:48542726-48543809	15	1430	TRUE	0.224	0.35017133674214485	FALSE	1016	11	0.014147096048375756
ENSG00000177576	chr18:48542726-48543809	17	2021	TRUE	0.244	-0.5216241566090254	FALSE	1016	11	0.01984718511226738
ENSG00000175387	chr18:48542726-48543809	226	20974	TRUE	0.316	-0.22829657115171909	FALSE	1016	11	0.23832559883748183
ENSG00000134030	chr18:48542726-48543809	10	938	TRUE	0.504	0.457602011533206	FALSE	1016	11	0.009328270754230535
ENSG00000141627	chr18:48542726-48543809	126	14952	TRUE	0.896	0.06435033376809995	FALSE	1016	11	0.16553696151502367
ENSG00000265681	chr18:48542726-48543809	447	42519	TRUE	1.8782163390369068e-8	-0.4882943998804372	TRUE	1016	12	0.5816340880326255
ENSG00000175387	chr18:48542726-48543809	226	20974	TRUE	0.024	-0.36965242039726043	TRUE	1016	12	0.23832559883748183
ENSG00000134030	chr18:48542726-48543809	10	938	TRUE	0.084	-1.7647904098032416	FALSE	1016	12	0.009328270754230535
ENSG00000101665	chr18:48542726-48543809	15	1430	TRUE	0.112	-0.7278311752591282	FALSE	1016	12	0.014147096048375756
ENSG00000177576	chr18:48542726-48543809	17	2021	TRUE	0.116	-0.7280750340764515	FALSE	1016	12	0.01984718511226738
ENSG00000141627	chr18:48542726-48543809	126	14952	TRUE	0.636	0.02958491560742349	FALSE	1016	12	0.16553696151502367
ENSG00000175387	chr18:48542726-48543809	226	20974	TRUE	9.368941609078085e-6	-0.5908666505364271	TRUE	1016	13	0.23832559883748183
ENSG00000265681	chr18:48542726-48543809	447	42519	TRUE	3.74443296194117e-4	-0.3295294157264943	TRUE	1016	13	0.5816340880326255
ENSG00000141627	chr18:48542726-48543809	126	14952	TRUE	0.168	-0.10879856854849868	FALSE	1016	13	0.16553696151502367
ENSG00000134030	chr18:48542726-48543809	10	938	TRUE	0.492	-0.7647904098032416	FALSE	1016	13	0.009328270754230535
ENSG00000101665	chr18:48542726-48543809	15	1430	TRUE	0.704	-0.3127936759802843	FALSE	1016	13	0.014147096048375756
ENSG00000177576	chr18:48542726-48543809	17	2021	TRUE	0.888	-0.0361973294387834	FALSE	1016	13	0.01984718511226738
ENSG00000265681	chr18:48542726-48543809	447	42519	TRUE	0.014122901721647957	-0.2398573702596013	TRUE	1016	14	0.5816340880326255
ENSG00000141627	chr18:48542726-48543809	126	14952	TRUE	0.116	-0.10879856854849868	FALSE	1016	14	0.16553696151502367
ENSG00000177576	chr18:48542726-48543809	17	2021	TRUE	0.236	0.21534143755718116	FALSE	1016	14	0.01984718511226738
ENSG00000175387	chr18:48542726-48543809	226	20974	TRUE	0.436	-0.1965877114243808	FALSE	1016	14	0.23832559883748183
ENSG00000101665	chr18:48542726-48543809	15	1430	TRUE	0.792	-0.09040125464383664	FALSE	1016	14	0.014147096048375756
ENSG00000134030	chr18:48542726-48543809	10	938	TRUE	0.948	-0.17982790908208557	FALSE	1016	14	0.009328270754230535
ENSG00000265681	chr18:48542726-48543809	447	42519	TRUE	8.56027836257745e-10	-0.5375379189002862	TRUE	1016	15	0.5816340880326255
ENSG00000175387	chr18:48542726-48543809	226	20974	TRUE	0.005563623784262561	-0.40545314182510683	TRUE	1016	15	0.23832559883748183
ENSG00000141627	chr18:48542726-48543809	126	14952	TRUE	0.08	-0.13814253013064315	FALSE	1016	15	0.16553696151502367
ENSG00000177576	chr18:48542726-48543809	17	2021	TRUE	0.188	-0.6211598301599395	FALSE	1016	15	0.01984718511226738
ENSG00000134030	chr18:48542726-48543809	10	938	TRUE	0.756	-0.3497529105243977	FALSE	1016	15	0.009328270754230535
ENSG00000101665	chr18:48542726-48543809	15	1430	TRUE	0.76	0.009134418907077446	FALSE	1016	15	0.014147096048375756
ENSG00000265681	chr18:48542726-48543809	447	42519	TRUE	0.017525636858336857	-0.24530150894972924	FALSE	1016	16	0.5816340880326255
ENSG00000175387	chr18:48542726-48543809	226	20974	TRUE	0.124	-0.2738934375918296	FALSE	1016	16	0.23832559883748183
ENSG00000177576	chr18:48542726-48543809	17	2021	TRUE	0.144	-0.5216241566090254	FALSE	1016	16	0.01984718511226738
ENSG00000101665	chr18:48542726-48543809	15	1430	TRUE	0.256	0.35017133674214485	FALSE	1016	16	0.014147096048375756
ENSG00000141627	chr18:48542726-48543809	126	14952	TRUE	0.304	-0.03334634011903326	FALSE	1016	16	0.16553696151502367
ENSG00000134030	chr18:48542726-48543809	10	938	TRUE	0.76	-0.17982790908208557	FALSE	1016	16	0.009328270754230535
ENSG00000175387	chr18:48542726-48543809	226	20974	TRUE	1.2754810250732197e-5	-0.5826461437314587	TRUE	1016	17	0.23832559883748183
ENSG00000265681	chr18:48542726-48543809	447	42519	TRUE	7.296333732894492e-4	-0.3353233795014685	TRUE	1016	17	0.5816340880326255
ENSG00000141627	chr18:48542726-48543809	126	14952	TRUE	7.540447245870229e-4	-0.38545258367142043	TRUE	1016	17	0.16553696151502367
ENSG00000177576	chr18:48542726-48543809	17	2021	TRUE	0.188	-0.5216241566090254	FALSE	1016	17	0.01984718511226738
ENSG00000134030	chr18:48542726-48543809	10	938	TRUE	0.824	-0.542397988466794	FALSE	1016	17	0.009328270754230535
ENSG00000101665	chr18:48542726-48543809	15	1430	TRUE	0.884	-0.09040125464383664	FALSE	1016	17	0.014147096048375756
ENSG00000265681	chr18:48542726-48543809	447	42519	TRUE	2.827902610520012e-5	-0.3676129174579741	TRUE	1016	18	0.5816340880326255
ENSG00000175387	chr18:48542726-48543809	226	20974	TRUE	0.028	-0.3625976628633101	TRUE	1016	18	0.23832559883748183
ENSG00000101665	chr18:48542726-48543809	15	1430	TRUE	0.06	-0.8977561767014404	FALSE	1016	18	0.014147096048375756
ENSG00000141627	chr18:48542726-48543809	126	14952	TRUE	0.084	-0.1480579989957258	FALSE	1016	18	0.16553696151502367
ENSG00000134030	chr18:48542726-48543809	10	938	TRUE	0.512	0.23520959019675836	FALSE	1016	18	0.009328270754230535
ENSG00000177576	chr18:48542726-48543809	17	2021	TRUE	0.684	-0.0361973294387834	FALSE	1016	18	0.01984718511226738
ENSG00000175387	chr18:48542726-48543809	226	20974	TRUE	0.0019879793727274886	-0.43474744861914516	TRUE	1016	19	0.23832559883748183
ENSG00000265681	chr18:48542726-48543809	447	42519	TRUE	0.003411968421955028	-0.2868008718698768	TRUE	1016	19	0.5816340880326255
ENSG00000141627	chr18:48542726-48543809	126	14952	TRUE	0.116	-0.11851372338171062	FALSE	1016	19	0.16553696151502367
ENSG00000134030	chr18:48542726-48543809	10	938	TRUE	0.264	-1.027824815637036	FALSE	1016	19	0.009328270754230535
ENSG00000101665	chr18:48542726-48543809	15	1430	TRUE	0.56	-0.3127936759802843	FALSE	1016	19	0.014147096048375756
ENSG00000177576	chr18:48542726-48543809	17	2021	TRUE	0.896	-0.180587238773958	FALSE	1016	19	0.01984718511226738
ENSG00000175387	chr18:48542726-48543809	226	20974	TRUE	0.0072667547982550595	-0.39102607118982746	TRUE	1016	20	0.23832559883748183
ENSG00000141627	chr18:48542726-48543809	126	14952	TRUE	0.036	-0.1986840720656935	FALSE	1016	20	0.16553696151502367
ENSG00000177576	chr18:48542726-48543809	17	2021	TRUE	0.496	0.03091686641975322	FALSE	1016	20	0.01984718511226738
ENSG00000265681	chr18:48542726-48543809	447	42519	TRUE	0.616	-0.13255408428536541	FALSE	1016	20	0.5816340880326255
ENSG00000101665	chr18:48542726-48543809	15	1430	TRUE	0.688	-0.19731645856034863	FALSE	1016	20	0.014147096048375756
ENSG00000134030	chr18:48542726-48543809	10	938	TRUE	0.952	-0.3497529105243977	FALSE	1016	20	0.009328270754230535
ENSG00000265681	chr18:48542726-48543809	447	42519	TRUE	0.0026658378807776634	-0.30090357498805953	TRUE	1016	21	0.5816340880326255
ENSG00000141627	chr18:48542726-48543809	126	14952	TRUE	0.004635077908428743	-0.29454408747321015	TRUE	1016	21	0.16553696151502367
ENSG00000101665	chr18:48542726-48543809	15	1430	TRUE	0.212	-0.5758280818140786	FALSE	1016	21	0.014147096048375756
ENSG00000175387	chr18:48542726-48543809	226	20974	TRUE	0.292	-0.21552927507784103	FALSE	1016	21	0.23832559883748183
ENSG00000177576	chr18:48542726-48543809	17	2021	TRUE	0.52	0.03091686641975322	FALSE	1016	21	0.01984718511226738
ENSG00000134030	chr18:48542726-48543809	10	938	TRUE	0.808	-0.3497529105243977	FALSE	1016	21	0.009328270754230535
ENSG00000265681	chr18:48542726-48543809	447	42519	TRUE	2.9507594484158746e-4	-0.3295294157264943	TRUE	1016	22	0.5816340880326255
ENSG00000141627	chr18:48542726-48543809	126	14952	TRUE	0.244	-0.08003957556707464	FALSE	1016	22	0.16553696151502367
ENSG00000101665	chr18:48542726-48543809	15	1430	TRUE	0.416	0.18970666454889873	FALSE	1016	22	0.014147096048375756
ENSG00000134030	chr18:48542726-48543809	10	938	TRUE	0.568	0.350686807616694	FALSE	1016	22	0.009328270754230535
ENSG00000177576	chr18:48542726-48543809	17	2021	TRUE	0.64	-0.25858975077523105	FALSE	1016	22	0.01984718511226738
ENSG00000175387	chr18:48542726-48543809	226	20974	TRUE	0.944	-0.11134042480586981	FALSE	1016	22	0.23832559883748183
ENSG00000175387	chr18:48542726-48543809	226	20974	TRUE	1.9610953603118632e-4	-0.5342831221700597	TRUE	1016	23	0.23832559883748183
ENSG00000265681	chr18:48542726-48543809	447	42519	TRUE	0.124	-0.1970283982711981	FALSE	1016	23	0.5816340880326255
ENSG00000101665	chr18:48542726-48543809	15	1430	TRUE	0.164	-0.5758280818140786	FALSE	1016	23	0.014147096048375756
ENSG00000141627	chr18:48542726-48543809	126	14952	TRUE	0.184	-0.11851372338171062	FALSE	1016	23	0.16553696151502367
ENSG00000134030	chr18:48542726-48543809	10	938	TRUE	0.344	0.6502470894756023	FALSE	1016	23	0.009328270754230535
ENSG00000177576	chr18:48542726-48543809	17	2021	TRUE	0.424	-0.4285147522175432	FALSE	1016	23	0.01984718511226738
ENSG00000265681	chr18:48542726-48543809	447	42519	TRUE	1.843692477867761e-8	-0.4754417978083738	TRUE	1016	24	0.5816340880326255
ENSG00000175387	chr18:48542726-48543809	226	20974	TRUE	0.007945664024449878	-0.40545314182510683	TRUE	1016	24	0.23832559883748183
ENSG00000141627	chr18:48542726-48543809	126	14952	TRUE	0.032	-0.1884157366118666	TRUE	1016	24	0.16553696151502367
ENSG00000177576	chr18:48542726-48543809	17	2021	TRUE	0.524	-0.3410519109672041	FALSE	1016	24	0.01984718511226738
ENSG00000101665	chr18:48542726-48543809	15	1430	TRUE	0.772	-0.19731645856034863	FALSE	1016	24	0.014147096048375756
ENSG00000134030	chr18:48542726-48543809	10	938	TRUE	0.792	-0.3497529105243977	FALSE	1016	24	0.009328270754230535
ENSG00000265681	chr18:48542726-48543809	447	42519	TRUE	1.8564444787094216e-4	-0.3353233795014685	TRUE	1016	25	0.5816340880326255
ENSG00000141627	chr18:48542726-48543809	126	14952	TRUE	0.003990977603390657	-0.3392824022384944	TRUE	1016	25	0.16553696151502367
ENSG00000175387	chr18:48542726-48543809	226	20974	TRUE	0.108	-0.2672907027675824	FALSE	1016	25	0.23832559883748183
ENSG00000134030	chr18:48542726-48543809	10	938	TRUE	0.656	0.23520959019675836	FALSE	1016	25	0.009328270754230535
ENSG00000177576	chr18:48542726-48543809	17	2021	TRUE	0.676	-0.25858975077523105	FALSE	1016	25	0.01984718511226738
ENSG00000101665	chr18:48542726-48543809	15	1430	TRUE	0.876	-0.19731645856034863	FALSE	1016	25	0.014147096048375756
ENSG00000265681	chr18:48542726-48543809	447	42519	TRUE	1.0760054187771784e-4	-0.3616880835008687	TRUE	1016	26	0.5816340880326255
ENSG00000175387	chr18:48542726-48543809	226	20974	TRUE	1.479257774253534e-4	-0.5422318752855508	TRUE	1016	26	0.23832559883748183
ENSG00000177576	chr18:48542726-48543809	17	2021	TRUE	0.024	-0.9690831335802468	TRUE	1016	26	0.01984718511226738
ENSG00000134030	chr18:48542726-48543809	10	938	TRUE	0.02712940565846611	-2.3497529105243977	TRUE	1016	26	0.009328270754230535
ENSG00000101665	chr18:48542726-48543809	15	1430	TRUE	0.296	-0.5758280818140786	FALSE	1016	26	0.014147096048375756
ENSG00000141627	chr18:48542726-48543809	126	14952	TRUE	0.432	-0.03334634011903326	FALSE	1016	26	0.16553696151502367
ENSG00000175387	chr18:48542726-48543809	226	20974	TRUE	2.461372325507794e-4	-0.5106963018524437	TRUE	1016	27	0.23832559883748183
ENSG00000141627	chr18:48542726-48543809	126	14952	TRUE	0.003439980288214954	-0.2835729696522069	TRUE	1016	27	0.16553696151502367
ENSG00000265681	chr18:48542726-48543809	447	42519	TRUE	0.024	-0.2728346927058741	TRUE	1016	27	0.5816340880326255
ENSG00000177576	chr18:48542726-48543809	17	2021	TRUE	0.068	-0.7280750340764515	FALSE	1016	27	0.01984718511226738
ENSG00000134030	chr18:48542726-48543809	10	938	TRUE	0.104	-1.3497529105243977	FALSE	1016	27	0.009328270754230535
ENSG00000101665	chr18:48542726-48543809	15	1430	TRUE	0.588	-0.19731645856034863	FALSE	1016	27	0.014147096048375756
ENSG00000175387	chr18:48542726-48543809	226	20974	TRUE	0.007067291447337837	-0.3838662796169614	TRUE	1016	28	0.23832559883748183
ENSG00000265681	chr18:48542726-48543809	447	42519	TRUE	0.024	-0.27005760803530043	TRUE	1016	28	0.5816340880326255
ENSG00000141627	chr18:48542726-48543809	126	14952	TRUE	0.148	-0.10879856854849868	FALSE	1016	28	0.16553696151502367
ENSG00000101665	chr18:48542726-48543809	15	1430	TRUE	0.184	-0.7278311752591282	FALSE	1016	28	0.014147096048375756
ENSG00000177576	chr18:48542726-48543809	17	2021	TRUE	0.356	-0.4285147522175432	FALSE	1016	28	0.01984718511226738
ENSG00000134030	chr18:48542726-48543809	10	938	TRUE	0.464	-0.7647904098032416	FALSE	1016	28	0.009328270754230535
ENSG00000265681	chr18:48542726-48543809	447	42519	TRUE	5.7342893444137406e-5	-0.3705844839892649	TRUE	1016	29	0.5816340880326255
ENSG00000175387	chr18:48542726-48543809	226	20974	TRUE	0.008238953864651455	-0.4127211422891466	TRUE	1016	29	0.23832559883748183
ENSG00000177576	chr18:48542726-48543809	17	2021	TRUE	0.096	-0.7280750340764515	FALSE	1016	29	0.01984718511226738
ENSG00000134030	chr18:48542726-48543809	10	938	TRUE	0.324	-0.7647904098032416	FALSE	1016	29	0.009328270754230535
ENSG00000141627	chr18:48542726-48543809	126	14952	TRUE	0.36	-0.05184268373642276	FALSE	1016	29	0.16553696151502367
ENSG00000101665	chr18:48542726-48543809	15	1430	TRUE	0.988	-0.09040125464383664	FALSE	1016	29	0.014147096048375756
ENSG00000265681	chr18:48542726-48543809	447	42519	TRUE	6.650196280947322e-10	-0.5209359515631564	TRUE	1016	30	0.5816340880326255
ENSG00000175387	chr18:48542726-48543809	226	20974	TRUE	0.072	-0.3006107759676091	FALSE	1016	30	0.23832559883748183
ENSG00000141627	chr18:48542726-48543809	126	14952	TRUE	0.16	-0.09914839851477941	FALSE	1016	30	0.16553696151502367
ENSG00000177576	chr18:48542726-48543809	17	2021	TRUE	0.504	-0.25858975077523105	FALSE	1016	30	0.01984718511226738
ENSG00000101665	chr18:48542726-48543809	15	1430	TRUE	0.848	-0.09040125464383664	FALSE	1016	30	0.014147096048375756
ENSG00000134030	chr18:48542726-48543809	10	938	TRUE	0.904	-0.027824815637035982	FALSE	1016	30	0.009328270754230535
ENSG00000265681	chr18:48542726-48543809	447	42519	TRUE	7.47385870852952e-4	-0.30943184636944476	TRUE	1016	31	0.5816340880326255
ENSG00000177576	chr18:48542726-48543809	17	2021	TRUE	0.164	-0.6211598301599395	FALSE	1016	31	0.01984718511226738
ENSG00000175387	chr18:48542726-48543809	226	20974	TRUE	0.444	-0.20287397427181197	FALSE	1016	31	0.23832559883748183
ENSG00000101665	chr18:48542726-48543809	15	1430	TRUE	0.716	-0.19731645856034863	FALSE	1016	31	0.014147096048375756
ENSG00000141627	chr18:48542726-48543809	126	14952	TRUE	0.9	0.011882913873964451	FALSE	1016	31	0.16553696151502367
ENSG00000134030	chr18:48542726-48543809	10	938	TRUE	0.992	-0.3497529105243977	FALSE	1016	31	0.009328270754230535
ENSG00000265681	chr18:48542726-48543809	447	42519	TRUE	5.7189617021669026e-5	-0.3765460422279818	TRUE	1016	32	0.5816340880326255
ENSG00000175387	chr18:48542726-48543809	226	20974	TRUE	9.9198988259587e-4	-0.46464893433300736	TRUE	1016	32	0.23832559883748183
ENSG00000101665	chr18:48542726-48543809	15	1430	TRUE	0.112	-0.7278311752591282	FALSE	1016	32	0.014147096048375756
ENSG00000141627	chr18:48542726-48543809	126	14952	TRUE	0.332	-0.03334634011903326	FALSE	1016	32	0.16553696151502367
ENSG00000134030	chr18:48542726-48543809	10	938	TRUE	0.488	0.23520959019675836	FALSE	1016	32	0.009328270754230535
ENSG00000177576	chr18:48542726-48543809	17	2021	TRUE	0.84	-0.0361973294387834	FALSE	1016	32	0.01984718511226738
ENSG00000265681	chr18:48542726-48543809	447	42519	TRUE	3.6405211243797826e-11	-0.5408813619746566	TRUE	1016	33	0.5816340880326255
ENSG00000175387	chr18:48542726-48543809	226	20974	TRUE	0.0022237156612664837	-0.43474744861914516	TRUE	1016	33	0.23832559883748183
ENSG00000141627	chr18:48542726-48543809	126	14952	TRUE	0.048	-0.1680957522322708	TRUE	1016	33	0.16553696151502367
ENSG00000101665	chr18:48542726-48543809	15	1430	TRUE	0.124	0.49456124607731944	FALSE	1016	33	0.014147096048375756
ENSG00000134030	chr18:48542726-48543809	10	938	TRUE	0.78	-0.3497529105243977	FALSE	1016	33	0.009328270754230535
ENSG00000177576	chr18:48542726-48543809	17	2021	TRUE	0.952	-0.10658665733018147	FALSE	1016	33	0.01984718511226738
ENSG00000265681	chr18:48542726-48543809	447	42519	TRUE	4.158387146238461e-5	-0.39457996505824333	TRUE	1016	34	0.5816340880326255
ENSG00000175387	chr18:48542726-48543809	226	20974	TRUE	0.001558052830134781	-0.4273679182535477	TRUE	1016	34	0.23832559883748183
ENSG00000177576	chr18:48542726-48543809	17	2021	TRUE	0.164	-0.7280750340764515	FALSE	1016	34	0.01984718511226738
ENSG00000134030	chr18:48542726-48543809	10	938	TRUE	0.168	0.5571376850841201	FALSE	1016	34	0.009328270754230535
ENSG00000141627	chr18:48542726-48543809	126	14952	TRUE	0.284	-0.06118054831575881	FALSE	1016	34	0.16553696151502367
ENSG00000101665	chr18:48542726-48543809	15	1430	TRUE	0.872	-0.19731645856034863	FALSE	1016	34	0.014147096048375756
ENSG00000265681	chr18:48542726-48543809	447	42519	TRUE	6.914131112388358e-10	-0.5611063900386908	TRUE	1016	35	0.5816340880326255
ENSG00000141627	chr18:48542726-48543809	126	14952	TRUE	3.0118318227920996e-8	-0.6986104689310508	TRUE	1016	35	0.16553696151502367
ENSG00000175387	chr18:48542726-48543809	226	20974	TRUE	0.0011743244272251242	-0.4798353381476832	TRUE	1016	35	0.23832559883748183
ENSG00000101665	chr18:48542726-48543809	15	1430	TRUE	0.276	-0.43832455806414394	FALSE	1016	35	0.014147096048375756
ENSG00000177576	chr18:48542726-48543809	17	2021	TRUE	0.62	-0.3410519109672041	FALSE	1016	35	0.01984718511226738
ENSG00000134030	chr18:48542726-48543809	10	938	TRUE	0.708	-0.3497529105243977	FALSE	1016	35	0.009328270754230535
ENSG00000175387	chr18:48542726-48543809	226	20974	TRUE	4.213653683594106e-5	-0.5908666505364271	TRUE	1016	36	0.23832559883748183
ENSG00000177576	chr18:48542726-48543809	17	2021	TRUE	0.003890543366306287	-1.4285147522175432	TRUE	1016	36	0.01984718511226738
ENSG00000265681	chr18:48542726-48543809	447	42519	TRUE	0.003932452179545111	-0.2839967989931741	TRUE	1016	36	0.5816340880326255
ENSG00000101665	chr18:48542726-48543809	15	1430	TRUE	0.156	-0.7278311752591282	FALSE	1016	36	0.014147096048375756
ENSG00000134030	chr18:48542726-48543809	10	938	TRUE	0.404	-0.7647904098032416	FALSE	1016	36	0.009328270754230535
ENSG00000141627	chr18:48542726-48543809	126	14952	TRUE	0.464	-0.03334634011903326	FALSE	1016	36	0.16553696151502367
ENSG00000265681	chr18:48542726-48543809	447	42519	TRUE	2.9883558108968517e-5	-0.3735621837891603	TRUE	1016	37	0.5816340880326255
ENSG00000141627	chr18:48542726-48543809	126	14952	TRUE	9.360713100513068e-5	-0.44532403964881917	TRUE	1016	37	0.16553696151502367
ENSG00000101665	chr18:48542726-48543809	15	1430	TRUE	0.032	-1.0904012546438366	TRUE	1016	37	0.014147096048375756
ENSG00000175387	chr18:48542726-48543809	226	20974	TRUE	0.056	-0.31415730780555684	TRUE	1016	37	0.23832559883748183
ENSG00000177576	chr18:48542726-48543809	17	2021	TRUE	0.448	-0.3410519109672041	FALSE	1016	37	0.01984718511226738
ENSG00000134030	chr18:48542726-48543809	10	938	TRUE	0.524	-0.027824815637035982	FALSE	1016	37	0.009328270754230535
ENSG00000265681	chr18:48542726-48543809	447	42519	TRUE	0.0025216146244077253	-0.2980719842048969	TRUE	1016	38	0.5816340880326255
ENSG00000141627	chr18:48542726-48543809	126	14952	TRUE	0.008566020475269387	-0.2299350060501335	TRUE	1016	38	0.16553696151502367
ENSG00000175387	chr18:48542726-48543809	226	20974	TRUE	0.052	-0.3625976628633101	FALSE	1016	38	0.23832559883748183
ENSG00000101665	chr18:48542726-48543809	15	1430	TRUE	0.184	-0.7278311752591282	FALSE	1016	38	0.014147096048375756
ENSG00000134030	chr18:48542726-48543809	10	938	TRUE	0.876	-0.17982790908208557	FALSE	1016	38	0.009328270754230535
ENSG00000177576	chr18:48542726-48543809	17	2021	TRUE	0.884	-0.180587238773958	FALSE	1016	38	0.01984718511226738
ENSG00000141627	chr18:48542726-48543809	126	14952	TRUE	1.5084430791952085e-4	-0.44532403964881917	TRUE	1016	39	0.16553696151502367
ENSG00000175387	chr18:48542726-48543809	226	20974	TRUE	0.0070665000671308875	-0.39102607118982746	TRUE	1016	39	0.23832559883748183
ENSG00000265681	chr18:48542726-48543809	447	42519	TRUE	0.112	-0.20496257981341526	FALSE	1016	39	0.5816340880326255
ENSG00000134030	chr18:48542726-48543809	10	938	TRUE	0.688	0.1096787081128987	FALSE	1016	39	0.009328270754230535
ENSG00000177576	chr18:48542726-48543809	17	2021	TRUE	0.74	-0.25858975077523105	FALSE	1016	39	0.01984718511226738
ENSG00000101665	chr18:48542726-48543809	15	1430	TRUE	0.92	-0.09040125464383664	FALSE	1016	39	0.014147096048375756
ENSG00000265681	chr18:48542726-48543809	447	42519	TRUE	7.108846612764251e-4	-0.33242348899567387	TRUE	1016	40	0.5816340880326255
ENSG00000141627	chr18:48542726-48543809	126	14952	TRUE	0.192	-0.10879856854849868	FALSE	1016	40	0.16553696151502367
ENSG00000175387	chr18:48542726-48543809	226	20974	TRUE	0.276	-0.2411778624484513	FALSE	1016	40	0.23832559883748183
ENSG00000177576	chr18:48542726-48543809	17	2021	TRUE	0.412	-0.4285147522175432	FALSE	1016	40	0.01984718511226738
ENSG00000134030	chr18:48542726-48543809	10	938	TRUE	0.816	-0.542397988466794	FALSE	1016	40	0.009328270754230535
ENSG00000101665	chr18:48542726-48543809	15	1430	TRUE	0.892	-0.19731645856034863	FALSE	1016	40	0.014147096048375756
ENSG00000175387	chr18:48542726-48543809	226	20974	TRUE	0.0036908089125311586	-0.4273679182535477	TRUE	1016	41	0.23832559883748183
ENSG00000265681	chr18:48542726-48543809	447	42519	TRUE	0.006233064375265579	-0.2672858587852467	TRUE	1016	41	0.5816340880326255
ENSG00000141627	chr18:48542726-48543809	126	14952	TRUE	0.34	-0.03334634011903326	FALSE	1016	41	0.16553696151502367
ENSG00000134030	chr18:48542726-48543809	10	938	TRUE	0.784	-0.027824815637035982	FALSE	1016	41	0.009328270754230535
ENSG00000101665	chr18:48542726-48543809	15	1430	TRUE	0.796	-0.19731645856034863	FALSE	1016	41	0.014147096048375756
ENSG00000177576	chr18:48542726-48543809	17	2021	TRUE	0.832	-0.25858975077523105	FALSE	1016	41	0.01984718511226738
ENSG00000265681	chr18:48542726-48543809	447	42519	TRUE	2.4225433423610832e-4	-0.3180108312582277	TRUE	1016	42	0.5816340880326255
ENSG00000175387	chr18:48542726-48543809	226	20974	TRUE	0.0013939274886164768	-0.45711526164759997	TRUE	1016	42	0.23832559883748183
ENSG00000141627	chr18:48542726-48543809	126	14952	TRUE	0.052	-0.1580420875683477	FALSE	1016	42	0.16553696151502367
ENSG00000134030	chr18:48542726-48543809	10	938	TRUE	0.092	-1.3497529105243977	FALSE	1016	42	0.009328270754230535
ENSG00000177576	chr18:48542726-48543809	17	2021	TRUE	0.392	-0.3410519109672041	FALSE	1016	42	0.01984718511226738
ENSG00000101665	chr18:48542726-48543809	15	1430	TRUE	0.46	-0.3127936759802843	FALSE	1016	42	0.014147096048375756
ENSG00000265681	chr18:48542726-48543809	447	42519	TRUE	0.0024006545160734014	-0.2924254210637549	TRUE	1016	43	0.5816340880326255
ENSG00000177576	chr18:48542726-48543809	17	2021	TRUE	0.028	-0.9690831335802468	TRUE	1016	43	0.01984718511226738
ENSG00000141627	chr18:48542726-48543809	126	14952	TRUE	0.044	-0.21944263223249116	TRUE	1016	43	0.16553696151502367
ENSG00000175387	chr18:48542726-48543809	226	20974	TRUE	0.548	-0.07629347770666906	FALSE	1016	43	0.23832559883748183
ENSG00000134030	chr18:48542726-48543809	10	938	TRUE	0.92	0.1096787081128987	FALSE	1016	43	0.009328270754230535
ENSG00000101665	chr18:48542726-48543809	15	1430	TRUE	0.992	-0.09040125464383664	FALSE	1016	43	0.014147096048375756
ENSG00000265681	chr18:48542726-48543809	447	42519	TRUE	0.036	-0.22903033977524567	FALSE	1016	44	0.5816340880326255
ENSG00000175387	chr18:48542726-48543809	226	20974	TRUE	0.296	-0.2091877482040143	FALSE	1016	44	0.23832559883748183
ENSG00000177576	chr18:48542726-48543809	17	2021	TRUE	0.328	-0.4285147522175432	FALSE	1016	44	0.01984718511226738
ENSG00000101665	chr18:48542726-48543809	15	1430	TRUE	0.356	-0.5758280818140786	FALSE	1016	44	0.014147096048375756
ENSG00000141627	chr18:48542726-48543809	126	14952	TRUE	0.36	-0.04256487014841204	FALSE	1016	44	0.16553696151502367
ENSG00000134030	chr18:48542726-48543809	10	938	TRUE	0.412	0.23520959019675836	FALSE	1016	44	0.009328270754230535
ENSG00000265681	chr18:48542726-48543809	447	42519	TRUE	0.0016499717850029334	-0.30658348406041425	TRUE	1016	45	0.5816340880326255
ENSG00000177576	chr18:48542726-48543809	17	2021	TRUE	0.005950268878649245	-1.258589750775231	TRUE	1016	45	0.01984718511226738
ENSG00000175387	chr18:48542726-48543809	226	20974	TRUE	0.028	-0.3347186302878731	TRUE	1016	45	0.23832559883748183
ENSG00000141627	chr18:48542726-48543809	126	14952	TRUE	0.108	-0.1680957522322708	FALSE	1016	45	0.16553696151502367
ENSG00000134030	chr18:48542726-48543809	10	938	TRUE	0.372	0.1096787081128987	FALSE	1016	45	0.009328270754230535
ENSG00000101665	chr18:48542726-48543809	15	1430	TRUE	0.948	-0.09040125464383664	FALSE	1016	45	0.014147096048375756
ENSG00000265681	chr18:48542726-48543809	447	42519	TRUE	4.6727669506691096e-8	-0.47224645864856707	TRUE	1016	46	0.5816340880326255
ENSG00000177576	chr18:48542726-48543809	17	2021	TRUE	0.0012890071087679755	-1.6211598301599395	TRUE	1016	46	0.01984718511226738
ENSG00000175387	chr18:48542726-48543809	226	20974	TRUE	0.0013078168963089427	-0.45711526164759997	TRUE	1016	46	0.23832559883748183
ENSG00000134030	chr18:48542726-48543809	10	938	TRUE	0.028	-2.3497529105243977	TRUE	1016	46	0.009328270754230535
ENSG00000141627	chr18:48542726-48543809	126	14952	TRUE	0.128	-0.10879856854849868	FALSE	1016	46	0.16553696151502367
ENSG00000101665	chr18:48542726-48543809	15	1430	TRUE	0.364	-0.43832455806414394	FALSE	1016	46	0.014147096048375756
ENSG00000265681	chr18:48542726-48543809	447	42519	TRUE	3.5001340934156557e-6	-0.4128421714509716	TRUE	1016	47	0.5816340880326255
ENSG00000141627	chr18:48542726-48543809	126	14952	TRUE	0.084	-0.1680957522322708	FALSE	1016	47	0.16553696151502367
ENSG00000177576	chr18:48542726-48543809	17	2021	TRUE	0.124	-0.6211598301599395	FALSE	1016	47	0.01984718511226738
ENSG00000101665	chr18:48542726-48543809	15	1430	TRUE	0.316	-0.5758280818140786	FALSE	1016	47	0.014147096048375756
ENSG00000175387	chr18:48542726-48543809	226	20974	TRUE	0.736	-0.14725999906081233	FALSE	1016	47	0.23832559883748183
ENSG00000134030	chr18:48542726-48543809	10	938	TRUE	0.924	-0.027824815637035982	FALSE	1016	47	0.009328270754230535
ENSG00000265681	chr18:48542726-48543809	447	42519	TRUE	4.429625323129608e-7	-0.46270268597769637	TRUE	1016	48	0.5816340880326255
ENSG00000141627	chr18:48542726-48543809	126	14952	TRUE	0.028	-0.1884157366118666	TRUE	1016	48	0.16553696151502367
ENSG00000175387	chr18:48542726-48543809	226	20974	TRUE	0.424	-0.18409676724118373	FALSE	1016	48	0.23832559883748183
ENSG00000101665	chr18:48542726-48543809	15	1430	TRUE	0.596	0.10224382329855963	FALSE	1016	48	0.014147096048375756
ENSG00000134030	chr18:48542726-48543809	10	938	TRUE	0.748	-0.17982790908208557	FALSE	1016	48	0.009328270754230535
ENSG00000177576	chr18:48542726-48543809	17	2021	TRUE	0.924	-0.10658665733018147	FALSE	1016	48	0.01984718511226738
ENSG00000265681	chr18:48542726-48543809	447	42519	TRUE	3.4162378595850324e-5	-0.3587347661115212	TRUE	1016	49	0.5816340880326255
ENSG00000141627	chr18:48542726-48543809	126	14952	TRUE	0.00392109154442466	-0.30559927598220593	TRUE	1016	49	0.16553696151502367
ENSG00000175387	chr18:48542726-48543809	226	20974	TRUE	0.072	-0.30736814214291774	FALSE	1016	49	0.23832559883748183
ENSG00000134030	chr18:48542726-48543809	10	938	TRUE	0.296	-1.027824815637036	FALSE	1016	49	0.009328270754230535
ENSG00000101665	chr18:48542726-48543809	15	1430	TRUE	0.708	0.10224382329855963	FALSE	1016	49	0.014147096048375756
ENSG00000177576	chr18:48542726-48543809	17	2021	TRUE	0.868	-0.10658665733018147	FALSE	1016	49	0.01984718511226738
ENSG00000265681	chr18:48542726-48543809	447	42519	TRUE	0.036	-0.2263362306059825	FALSE	1016	50	0.5816340880326255
ENSG00000141627	chr18:48542726-48543809	126	14952	TRUE	0.148	-0.10879856854849868	FALSE	1016	50	0.16553696151502367
ENSG00000101665	chr18:48542726-48543809	15	1430	TRUE	0.168	-0.5758280818140786	FALSE	1016	50	0.014147096048375756
ENSG00000175387	chr18:48542726-48543809	226	20974	TRUE	0.172	-0.2672907027675824	FALSE	1016	50	0.23832559883748183
ENSG00000177576	chr18:48542726-48543809	17	2021	TRUE	0.608	-0.3410519109672041	FALSE	1016	50	0.01984718511226738
ENSG00000134030	chr18:48542726-48543809	10	938	TRUE	0.96	-0.027824815637035982	FALSE	1016	50	0.009328270754230535
ENSG00000265681	chr18:48542726-48543809	447	42519	TRUE	6.30337179129519e-8	-0.48507049900615073	TRUE	1016	51	0.5816340880326255
ENSG00000175387	chr18:48542726-48543809	226	20974	TRUE	1.7592145156515842e-4	-0.5263779240847133	TRUE	1016	51	0.23832559883748183
ENSG00000177576	chr18:48542726-48543809	17	2021	TRUE	0.304	-0.5216241566090254	FALSE	1016	51	0.01984718511226738
ENSG00000141627	chr18:48542726-48543809	126	14952	TRUE	0.432	-0.04256487014841204	FALSE	1016	51	0.16553696151502367
ENSG00000101665	chr18:48542726-48543809	15	1430	TRUE	0.672	-0.19731645856034863	FALSE	1016	51	0.014147096048375756
ENSG00000134030	chr18:48542726-48543809	10	938	TRUE	0.888	-0.3497529105243977	FALSE	1016	51	0.009328270754230535
ENSG00000265681	chr18:48542726-48543809	447	42519	TRUE	8.957158622566907e-7	-0.4375570378035183	TRUE	1016	52	0.5816340880326255
ENSG00000134030	chr18:48542726-48543809	10	938	TRUE	0.01050981581539756	-3.3497529105243977	TRUE	1016	52	0.009328270754230535
ENSG00000175387	chr18:48542726-48543809	226	20974	TRUE	0.0228904376217747	-0.3625976628633101	TRUE	1016	52	0.23832559883748183
ENSG00000101665	chr18:48542726-48543809	15	1430	TRUE	0.384	-0.43832455806414394	FALSE	1016	52	0.014147096048375756
ENSG00000177576	chr18:48542726-48543809	17	2021	TRUE	0.404	-0.4285147522175432	FALSE	1016	52	0.01984718511226738
ENSG00000141627	chr18:48542726-48543809	126	14952	TRUE	0.508	-0.06118054831575881	FALSE	1016	52	0.16553696151502367
ENSG00000265681	chr18:48542726-48543809	447	42519	TRUE	0.004955015720557405	-0.2811981656405007	TRUE	1016	53	0.5816340880326255
ENSG00000175387	chr18:48542726-48543809	226	20974	TRUE	0.12	-0.2738934375918296	FALSE	1016	53	0.23832559883748183
ENSG00000177576	chr18:48542726-48543809	17	2021	TRUE	0.352	-0.4285147522175432	FALSE	1016	53	0.01984718511226738
ENSG00000134030	chr18:48542726-48543809	10	938	TRUE	0.42	-0.7647904098032416	FALSE	1016	53	0.009328270754230535
ENSG00000141627	chr18:48542726-48543809	126	14952	TRUE	0.516	0.011882913873964451	FALSE	1016	53	0.16553696151502367
ENSG00000101665	chr18:48542726-48543809	15	1430	TRUE	0.888	-0.09040125464383664	FALSE	1016	53	0.014147096048375756
ENSG00000141627	chr18:48542726-48543809	126	14952	TRUE	2.07628074833485e-9	-0.8201724488119639	TRUE	1016	54	0.16553696151502367
ENSG00000265681	chr18:48542726-48543809	447	42519	TRUE	9.146348279562636e-5	-0.3735621837891603	TRUE	1016	54	0.5816340880326255
ENSG00000175387	chr18:48542726-48543809	226	20974	TRUE	0.028	-0.3347186302878731	TRUE	1016	54	0.23832559883748183
ENSG00000134030	chr18:48542726-48543809	10	938	TRUE	0.268	-1.3497529105243977	FALSE	1016	54	0.009328270754230535
ENSG00000101665	chr18:48542726-48543809	15	1430	TRUE	0.332	-0.43832455806414394	FALSE	1016	54	0.014147096048375756
ENSG00000177576	chr18:48542726-48543809	17	2021	TRUE	0.988	-0.10658665733018147	FALSE	1016	54	0.01984718511226738
ENSG00000265681	chr18:48542726-48543809	447	42519	TRUE	0.008703192947274986	-0.2617582848168135	TRUE	1016	55	0.5816340880326255
ENSG00000175387	chr18:48542726-48543809	226	20974	TRUE	0.014354750930924365	-0.3555772351855375	TRUE	1016	55	0.23832559883748183
ENSG00000141627	chr18:48542726-48543809	126	14952	TRUE	0.088	-0.13814253013064315	FALSE	1016	55	0.16553696151502367
ENSG00000177576	chr18:48542726-48543809	17	2021	TRUE	0.308	-0.3410519109672041	FALSE	1016	55	0.01984718511226738
ENSG00000134030	chr18:48542726-48543809	10	938	TRUE	0.54	-0.542397988466794	FALSE	1016	55	0.009328270754230535
ENSG00000101665	chr18:48542726-48543809	15	1430	TRUE	0.872	-0.19731645856034863	FALSE	1016	55	0.014147096048375756
ENSG00000265681	chr18:48542726-48543809	447	42519	TRUE	1.376197466843146e-5	-0.3915586130830062	TRUE	1016	56	0.5816340880326255
ENSG00000175387	chr18:48542726-48543809	226	20974	TRUE	0.021589256376843363	-0.34859080486943084	TRUE	1016	56	0.23832559883748183
ENSG00000141627	chr18:48542726-48543809	126	14952	TRUE	0.028	-0.17821996950597807	TRUE	1016	56	0.16553696151502367
ENSG00000177576	chr18:48542726-48543809	17	2021	TRUE	0.072	-0.8435522514963871	FALSE	1016	56	0.01984718511226738
ENSG00000134030	chr18:48542726-48543809	10	938	TRUE	0.188	-1.3497529105243977	FALSE	1016	56	0.009328270754230535
ENSG00000101665	chr18:48542726-48543809	15	1430	TRUE	0.66	-0.19731645856034863	FALSE	1016	56	0.014147096048375756
ENSG00000265681	chr18:48542726-48543809	447	42519	TRUE	5.677904064455182e-5	-0.3795360848337932	TRUE	1016	57	0.5816340880326255
ENSG00000175387	chr18:48542726-48543809	226	20974	TRUE	3.193409263084826e-4	-0.48748891069111844	TRUE	1016	57	0.23832559883748183
ENSG00000101665	chr18:48542726-48543809	15	1430	TRUE	0.036	-1.0904012546438366	TRUE	1016	57	0.014147096048375756
ENSG00000141627	chr18:48542726-48543809	126	14952	TRUE	0.036	-0.1884157366118666	TRUE	1016	57	0.16553696151502367
ENSG00000177576	chr18:48542726-48543809	17	2021	TRUE	0.796	-0.0361973294387834	FALSE	1016	57	0.01984718511226738
ENSG00000134030	chr18:48542726-48543809	10	938	TRUE	0.94	-0.542397988466794	FALSE	1016	57	0.009328270754230535
ENSG00000265681	chr18:48542726-48543809	447	42519	TRUE	6.281595478415617e-6	-0.42206070148035035	TRUE	1016	58	0.5816340880326255
ENSG00000175387	chr18:48542726-48543809	226	20974	TRUE	6.087272826126016e-4	-0.4722221540378082	TRUE	1016	58	0.23832559883748183
ENSG00000177576	chr18:48542726-48543809	17	2021	TRUE	0.007156367211596348	-1.4285147522175432	TRUE	1016	58	0.01984718511226738
ENSG00000141627	chr18:48542726-48543809	126	14952	TRUE	0.032	-0.20902601628715267	TRUE	1016	58	0.16553696151502367
ENSG00000101665	chr18:48542726-48543809	15	1430	TRUE	0.36	-0.43832455806414394	FALSE	1016	58	0.014147096048375756
ENSG00000134030	chr18:48542726-48543809	10	938	TRUE	0.38	-0.7647904098032416	FALSE	1016	58	0.009328270754230535
ENSG00000265681	chr18:48542726-48543809	447	42519	TRUE	0.0013004980912399607	-0.31228584342459764	TRUE	1016	59	0.5816340880326255
ENSG00000175387	chr18:48542726-48543809	226	20974	TRUE	0.008758608835493925	-0.39102607118982746	TRUE	1016	59	0.23832559883748183
ENSG00000134030	chr18:48542726-48543809	10	938	TRUE	0.068	0.5571376850841201	FALSE	1016	59	0.009328270754230535
ENSG00000141627	chr18:48542726-48543809	126	14952	TRUE	0.768	0.02076106522041732	FALSE	1016	59	0.16553696151502367
ENSG00000177576	chr18:48542726-48543809	17	2021	TRUE	0.792	-0.25858975077523105	FALSE	1016	59	0.01984718511226738
ENSG00000101665	chr18:48542726-48543809	15	1430	TRUE	0.984	0.009134418907077446	FALSE	1016	59	0.014147096048375756
ENSG00000175387	chr18:48542726-48543809	226	20974	TRUE	2.767882204678541e-7	-0.6845257577506723	TRUE	1016	60	0.23832559883748183
ENSG00000265681	chr18:48542726-48543809	447	42519	TRUE	3.1782906566202955e-6	-0.42206070148035035	TRUE	1016	60	0.5816340880326255
ENSG00000141627	chr18:48542726-48543809	126	14952	TRUE	0.001897444324323233	-0.3167398335874063	TRUE	1016	60	0.16553696151502367
ENSG00000134030	chr18:48542726-48543809	10	938	TRUE	0.168	0.6502470894756023	FALSE	1016	60	0.009328270754230535
ENSG00000101665	chr18:48542726-48543809	15	1430	TRUE	0.44	-0.43832455806414394	FALSE	1016	60	0.014147096048375756
ENSG00000177576	chr18:48542726-48543809	17	2021	TRUE	0.668	-0.0361973294387834	FALSE	1016	60	0.01984718511226738
ENSG00000265681	chr18:48542726-48543809	447	42519	TRUE	0.011334225581393305	-0.25625180851026996	TRUE	1016	61	0.5816340880326255
ENSG00000141627	chr18:48542726-48543809	126	14952	TRUE	0.136	0.21119172209737114	FALSE	1016	61	0.16553696151502367
ENSG00000175387	chr18:48542726-48543809	226	20974	TRUE	0.136	-0.2672907027675824	FALSE	1016	61	0.23832559883748183
ENSG00000101665	chr18:48542726-48543809	15	1430	TRUE	0.14	-0.7278311752591282	FALSE	1016	61	0.014147096048375756
ENSG00000177576	chr18:48542726-48543809	17	2021	TRUE	0.324	0.09504720383946896	FALSE	1016	61	0.01984718511226738
ENSG00000134030	chr18:48542726-48543809	10	938	TRUE	0.972	-0.3497529105243977	FALSE	1016	61	0.009328270754230535
ENSG00000265681	chr18:48542726-48543809	447	42519	TRUE	2.6926902603387724e-4	-0.33242348899567387	TRUE	1016	62	0.5816340880326255
ENSG00000141627	chr18:48542726-48543809	126	14952	TRUE	0.0011443571505959128	-0.3392824022384944	TRUE	1016	62	0.16553696151502367
ENSG00000101665	chr18:48542726-48543809	15	1430	TRUE	0.009941972606634014	-1.5758280818140786	TRUE	1016	62	0.014147096048375756
ENSG00000175387	chr18:48542726-48543809	226	20974	TRUE	0.068	-0.2938849127792955	FALSE	1016	62	0.23832559883748183
ENSG00000134030	chr18:48542726-48543809	10	938	TRUE	0.216	-1.3497529105243977	FALSE	1016	62	0.009328270754230535
ENSG00000177576	chr18:48542726-48543809	17	2021	TRUE	0.36	-0.4285147522175432	FALSE	1016	62	0.01984718511226738
ENSG00000175387	chr18:48542726-48543809	226	20974	TRUE	1.0484846980468674e-5	-0.5826461437314587	TRUE	1016	63	0.23832559883748183
ENSG00000141627	chr18:48542726-48543809	126	14952	TRUE	0.0033774756429434324	-0.30559927598220593	TRUE	1016	63	0.16553696151502367
ENSG00000177576	chr18:48542726-48543809	17	2021	TRUE	0.136	-0.6211598301599395	FALSE	1016	63	0.01984718511226738
ENSG00000265681	chr18:48542726-48543809	447	42519	TRUE	0.188	-0.18390096428558567	FALSE	1016	63	0.5816340880326255
ENSG00000101665	chr18:48542726-48543809	15	1430	TRUE	0.396	-0.43832455806414394	FALSE	1016	63	0.014147096048375756
ENSG00000134030	chr18:48542726-48543809	10	938	TRUE	0.5	-1.027824815637036	FALSE	1016	63	0.009328270754230535
ENSG00000265681	chr18:48542726-48543809	447	42519	TRUE	9.014205863794889e-8	-0.47864422984671773	TRUE	1016	64	0.5816340880326255
ENSG00000141627	chr18:48542726-48543809	126	14952	TRUE	4.6334611979205464e-4	-0.3506871655107435	TRUE	1016	64	0.16553696151502367
ENSG00000175387	chr18:48542726-48543809	226	20974	TRUE	0.084	-0.3006107759676091	FALSE	1016	64	0.23832559883748183
ENSG00000177576	chr18:48542726-48543809	17	2021	TRUE	0.128	-0.7280750340764515	FALSE	1016	64	0.01984718511226738
ENSG00000134030	chr18:48542726-48543809	10	938	TRUE	0.364	-1.027824815637036	FALSE	1016	64	0.009328270754230535
ENSG00000101665	chr18:48542726-48543809	15	1430	TRUE	0.976	0.009134418907077446	FALSE	1016	64	0.014147096048375756
ENSG00000265681	chr18:48542726-48543809	447	42519	TRUE	0.008533120476591521	-0.2672858587852467	TRUE	1016	65	0.5816340880326255
ENSG00000101665	chr18:48542726-48543809	15	1430	TRUE	0.14	-0.7278311752591282	FALSE	1016	65	0.014147096048375756
ENSG00000175387	chr18:48542726-48543809	226	20974	TRUE	0.208	-0.2411778624484513	FALSE	1016	65	0.23832559883748183
ENSG00000177576	chr18:48542726-48543809	17	2021	TRUE	0.412	-0.4285147522175432	FALSE	1016	65	0.01984718511226738
ENSG00000134030	chr18:48542726-48543809	10	938	TRUE	0.776	0.1096787081128987	FALSE	1016	65	0.009328270754230535
ENSG00000141627	chr18:48542726-48543809	126	14952	TRUE	0.824	0.038355125235155274	FALSE	1016	65	0.16553696151502367
ENSG00000265681	chr18:48542726-48543809	447	42519	TRUE	1.4393938125343754e-6	-0.44380248063441674	TRUE	1016	66	0.5816340880326255
ENSG00000175387	chr18:48542726-48543809	226	20974	TRUE	0.0090884646649309	-0.39822157259403124	TRUE	1016	66	0.23832559883748183
ENSG00000134030	chr18:48542726-48543809	10	938	TRUE	0.088	-1.3497529105243977	FALSE	1016	66	0.009328270754230535
ENSG00000177576	chr18:48542726-48543809	17	2021	TRUE	0.244	0.21534143755718116	FALSE	1016	66	0.01984718511226738
ENSG00000141627	chr18:48542726-48543809	126	14952	TRUE	0.248	-0.07057924631800816	FALSE	1016	66	0.16553696151502367
ENSG00000101665	chr18:48542726-48543809	15	1430	TRUE	0.568	-0.3127936759802843	FALSE	1016	66	0.014147096048375756
ENSG00000265681	chr18:48542726-48543809	447	42519	TRUE	7.908619659120287e-8	-0.4658769337728399	TRUE	1016	67	0.5816340880326255
ENSG00000175387	chr18:48542726-48543809	226	20974	TRUE	0.002178574871491836	-0.4273679182535477	TRUE	1016	67	0.23832559883748183
ENSG00000141627	chr18:48542726-48543809	126	14952	TRUE	0.0025698072457018724	-0.3167398335874063	TRUE	1016	67	0.16553696151502367
ENSG00000177576	chr18:48542726-48543809	17	2021	TRUE	0.432	-0.4285147522175432	FALSE	1016	67	0.01984718511226738
ENSG00000101665	chr18:48542726-48543809	15	1430	TRUE	0.46	0.18970666454889873	FALSE	1016	67	0.014147096048375756
ENSG00000134030	chr18:48542726-48543809	10	938	TRUE	0.688	0.1096787081128987	FALSE	1016	67	0.009328270754230535
ENSG00000265681	chr18:48542726-48543809	447	42519	TRUE	7.077309593475395e-10	-0.5308741886192754	TRUE	1016	68	0.5816340880326255
ENSG00000141627	chr18:48542726-48543809	126	14952	TRUE	0.014065625303581603	-0.20902601628715267	TRUE	1016	68	0.16553696151502367
ENSG00000177576	chr18:48542726-48543809	17	2021	TRUE	0.04	-0.9690831335802468	TRUE	1016	68	0.01984718511226738
ENSG00000101665	chr18:48542726-48543809	15	1430	TRUE	0.156	-0.7278311752591282	FALSE	1016	68	0.014147096048375756
ENSG00000175387	chr18:48542726-48543809	226	20974	TRUE	0.192	-0.2672907027675824	FALSE	1016	68	0.23832559883748183
ENSG00000134030	chr18:48542726-48543809	10	938	TRUE	0.96	-0.027824815637035982	FALSE	1016	68	0.009328270754230535
ENSG00000265681	chr18:48542726-48543809	447	42519	TRUE	1.0745767054933398e-5	-0.39457996505824333	TRUE	1016	69	0.5816340880326255
ENSG00000175387	chr18:48542726-48543809	226	20974	TRUE	0.024	-0.36965242039726043	TRUE	1016	69	0.23832559883748183
ENSG00000141627	chr18:48542726-48543809	126	14952	TRUE	0.028	-0.1680957522322708	TRUE	1016	69	0.16553696151502367
ENSG00000177576	chr18:48542726-48543809	17	2021	TRUE	0.12	-0.6211598301599395	FALSE	1016	69	0.01984718511226738
ENSG00000101665	chr18:48542726-48543809	15	1430	TRUE	0.364	-0.43832455806414394	FALSE	1016	69	0.014147096048375756
ENSG00000134030	chr18:48542726-48543809	10	938	TRUE	0.684	-0.027824815637035982	FALSE	1016	69	0.009328270754230535
ENSG00000265681	chr18:48542726-48543809	447	42519	TRUE	9.218649149610961e-5	-0.35284620674906186	TRUE	1016	70	0.5816340880326255
ENSG00000175387	chr18:48542726-48543809	226	20974	TRUE	0.0015653795565759923	-0.4496207251006754	TRUE	1016	70	0.23832559883748183
ENSG00000141627	chr18:48542726-48543809	126	14952	TRUE	0.013687729107750277	-0.20902601628715267	TRUE	1016	70	0.16553696151502367
ENSG00000101665	chr18:48542726-48543809	15	1430	TRUE	0.02661644849434952	-1.0904012546438366	TRUE	1016	70	0.014147096048375756
ENSG00000134030	chr18:48542726-48543809	10	938	TRUE	0.28	-1.027824815637036	FALSE	1016	70	0.009328270754230535
ENSG00000177576	chr18:48542726-48543809	17	2021	TRUE	1	-0.180587238773958	FALSE	1016	70	0.01984718511226738
ENSG00000175387	chr18:48542726-48543809	226	20974	TRUE	8.898165120659399e-5	-0.5422318752855508	TRUE	1016	71	0.23832559883748183
ENSG00000265681	chr18:48542726-48543809	447	42519	TRUE	0.002067989178651867	-0.30090357498805953	TRUE	1016	71	0.5816340880326255
ENSG00000141627	chr18:48542726-48543809	126	14952	TRUE	0.18	-0.10879856854849868	FALSE	1016	71	0.16553696151502367
ENSG00000134030	chr18:48542726-48543809	10	938	TRUE	0.592	0.1096787081128987	FALSE	1016	71	0.009328270754230535
ENSG00000101665	chr18:48542726-48543809	15	1430	TRUE	0.72	-0.19731645856034863	FALSE	1016	71	0.014147096048375756
ENSG00000177576	chr18:48542726-48543809	17	2021	TRUE	0.732	0.03091686641975322	FALSE	1016	71	0.01984718511226738
ENSG00000265681	chr18:48542726-48543809	447	42519	TRUE	0.024	-0.25900241952630465	FALSE	1016	72	0.5816340880326255
ENSG00000141627	chr18:48542726-48543809	126	14952	TRUE	0.08	-0.13814253013064315	FALSE	1016	72	0.16553696151502367
ENSG00000134030	chr18:48542726-48543809	10	938	TRUE	0.228	-1.3497529105243977	FALSE	1016	72	0.009328270754230535
ENSG00000175387	chr18:48542726-48543809	226	20974	TRUE	0.24	-0.2411778624484513	FALSE	1016	72	0.23832559883748183
ENSG00000101665	chr18:48542726-48543809	15	1430	TRUE	0.348	-0.43832455806414394	FALSE	1016	72	0.014147096048375756
ENSG00000177576	chr18:48542726-48543809	17	2021	TRUE	0.948	-0.180587238773958	FALSE	1016	72	0.01984718511226738
ENSG00000265681	chr18:48542726-48543809	447	42519	TRUE	1.090313689478279e-4	-0.35284620674906186	TRUE	1016	73	0.5816340880326255
ENSG00000175387	chr18:48542726-48543809	226	20974	TRUE	2.0093884304904063e-4	-0.5342831221700597	TRUE	1016	73	0.23832559883748183
ENSG00000141627	chr18:48542726-48543809	126	14952	TRUE	0.136	-0.12829474417429587	FALSE	1016	73	0.16553696151502367
ENSG00000134030	chr18:48542726-48543809	10	938	TRUE	0.3	0.5571376850841201	FALSE	1016	73	0.009328270754230535
ENSG00000101665	chr18:48542726-48543809	15	1430	TRUE	0.636	-0.19731645856034863	FALSE	1016	73	0.014147096048375756
ENSG00000177576	chr18:48542726-48543809	17	2021	TRUE	0.756	-0.180587238773958	FALSE	1016	73	0.01984718511226738
ENSG00000265681	chr18:48542726-48543809	447	42519	TRUE	2.633600931890405e-4	-0.33242348899567387	TRUE	1016	74	0.5816340880326255
ENSG00000141627	chr18:48542726-48543809	126	14952	TRUE	0.017212740786978487	-0.20902601628715267	TRUE	1016	74	0.16553696151502367
ENSG00000175387	chr18:48542726-48543809	226	20974	TRUE	0.112	-0.2672907027675824	FALSE	1016	74	0.23832559883748183
ENSG00000101665	chr18:48542726-48543809	15	1430	TRUE	0.288	-0.7278311752591282	FALSE	1016	74	0.014147096048375756
ENSG00000134030	chr18:48542726-48543809	10	938	TRUE	0.488	-0.3497529105243977	FALSE	1016	74	0.009328270754230535
ENSG00000177576	chr18:48542726-48543809	17	2021	TRUE	0.596	-0.3410519109672041	FALSE	1016	74	0.01984718511226738
ENSG00000265681	chr18:48542726-48543809	447	42519	TRUE	0.033218821733728914	-0.22364714307834244	FALSE	1016	75	0.5816340880326255
ENSG00000141627	chr18:48542726-48543809	126	14952	TRUE	0.12	-0.12829474417429587	FALSE	1016	75	0.16553696151502367
ENSG00000101665	chr18:48542726-48543809	15	1430	TRUE	0.124	-0.7278311752591282	FALSE	1016	75	0.014147096048375756
ENSG00000175387	chr18:48542726-48543809	226	20974	TRUE	0.344	-0.23472284031115187	FALSE	1016	75	0.23832559883748183
ENSG00000177576	chr18:48542726-48543809	17	2021	TRUE	0.484	-0.4285147522175432	FALSE	1016	75	0.01984718511226738
ENSG00000134030	chr18:48542726-48543809	10	938	TRUE	0.848	0.1096787081128987	FALSE	1016	75	0.009328270754230535
ENSG00000177576	chr18:48542726-48543809	17	2021	TRUE	0.010518217501856414	-1.1065866573301815	TRUE	1016	76	0.01984718511226738
ENSG00000175387	chr18:48542726-48543809	226	20974	TRUE	0.108	-0.2672907027675824	FALSE	1016	76	0.23832559883748183
ENSG00000141627	chr18:48542726-48543809	126	14952	TRUE	0.12	-0.1480579989957258	FALSE	1016	76	0.16553696151502367
ENSG00000265681	chr18:48542726-48543809	447	42519	TRUE	0.604	-0.13507848570091208	FALSE	1016	76	0.5816340880326255
ENSG00000101665	chr18:48542726-48543809	15	1430	TRUE	0.852	-0.19731645856034863	FALSE	1016	76	0.014147096048375756
ENSG00000134030	chr18:48542726-48543809	10	938	TRUE	0.916	-0.027824815637035982	FALSE	1016	76	0.009328270754230535
ENSG00000265681	chr18:48542726-48543809	447	42519	TRUE	1.984859292524703e-5	-0.38553482545523643	TRUE	1016	77	0.5816340880326255
ENSG00000141627	chr18:48542726-48543809	126	14952	TRUE	0.0012096988963092303	-0.3506871655107435	TRUE	1016	77	0.16553696151502367
ENSG00000175387	chr18:48542726-48543809	226	20974	TRUE	0.04	-0.2738934375918296	TRUE	1016	77	0.23832559883748183
ENSG00000177576	chr18:48542726-48543809	17	2021	TRUE	0.104	0.3788401698400605	FALSE	1016	77	0.01984718511226738
ENSG00000134030	chr18:48542726-48543809	10	938	TRUE	0.448	-0.7647904098032416	FALSE	1016	77	0.009328270754230535
ENSG00000101665	chr18:48542726-48543809	15	1430	TRUE	0.468	0.18970666454889873	FALSE	1016	77	0.014147096048375756
ENSG00000265681	chr18:48542726-48543809	447	42519	TRUE	1.4923816527776315e-4	-0.34405818947907707	TRUE	1016	78	0.5816340880326255
ENSG00000177576	chr18:48542726-48543809	17	2021	TRUE	0.036	-1.1065866573301815	FALSE	1016	78	0.01984718511226738
ENSG00000175387	chr18:48542726-48543809	226	20974	TRUE	0.072	-0.3209785736615709	FALSE	1016	78	0.23832559883748183
ENSG00000101665	chr18:48542726-48543809	15	1430	TRUE	0.148	-0.7278311752591282	FALSE	1016	78	0.014147096048375756
ENSG00000141627	chr18:48542726-48543809	126	14952	TRUE	0.676	0.0029497891039569346	FALSE	1016	78	0.16553696151502367
ENSG00000134030	chr18:48542726-48543809	10	938	TRUE	0.768	-0.3497529105243977	FALSE	1016	78	0.009328270754230535
ENSG00000141627	chr18:48542726-48543809	126	14952	TRUE	0.036	-0.2299350060501335	FALSE	1016	79	0.16553696151502367
ENSG00000134030	chr18:48542726-48543809	10	938	TRUE	0.14	0.6502470894756023	FALSE	1016	79	0.009328270754230535
ENSG00000175387	chr18:48542726-48543809	226	20974	TRUE	0.172	-0.24766189601864985	FALSE	1016	79	0.23832559883748183
ENSG00000265681	chr18:48542726-48543809	447	42519	TRUE	0.26	-0.17608145982628642	FALSE	1016	79	0.5816340880326255
ENSG00000177576	chr18:48542726-48543809	17	2021	TRUE	0.636	-0.3410519109672041	FALSE	1016	79	0.01984718511226738
ENSG00000101665	chr18:48542726-48543809	15	1430	TRUE	0.852	-0.19731645856034863	FALSE	1016	79	0.014147096048375756
ENSG00000141627	chr18:48542726-48543809	126	14952	TRUE	1.1872720616704123e-5	-0.49507707484591856	TRUE	1016	80	0.16553696151502367
ENSG00000177576	chr18:48542726-48543809	17	2021	TRUE	0.0034837415212073397	-1.4285147522175432	TRUE	1016	80	0.01984718511226738
ENSG00000175387	chr18:48542726-48543809	226	20974	TRUE	0.005142176695728657	-0.42002594291238005	TRUE	1016	80	0.23832559883748183
ENSG00000101665	chr18:48542726-48543809	15	1430	TRUE	0.032	-1.0904012546438366	TRUE	1016	80	0.014147096048375756
ENSG00000265681	chr18:48542726-48543809	447	42519	TRUE	0.096	-0.20761703325939318	FALSE	1016	80	0.5816340880326255
ENSG00000134030	chr18:48542726-48543809	10	938	TRUE	0.476	-0.542397988466794	FALSE	1016	80	0.009328270754230535
ENSG00000175387	chr18:48542726-48543809	226	20974	TRUE	9.461368830011013e-4	-0.4722221540378082	TRUE	1016	81	0.23832559883748183
ENSG00000141627	chr18:48542726-48543809	126	14952	TRUE	0.064	-0.17821996950597807	FALSE	1016	81	0.16553696151502367
ENSG00000134030	chr18:48542726-48543809	10	938	TRUE	0.12	-1.3497529105243977	FALSE	1016	81	0.009328270754230535
ENSG00000101665	chr18:48542726-48543809	15	1430	TRUE	0.16	0.42417191818592137	FALSE	1016	81	0.014147096048375756
ENSG00000265681	chr18:48542726-48543809	447	42519	TRUE	0.256	-0.17089190372372298	FALSE	1016	81	0.5816340880326255
ENSG00000177576	chr18:48542726-48543809	17	2021	TRUE	0.608	-0.3410519109672041	FALSE	1016	81	0.01984718511226738
ENSG00000265681	chr18:48542726-48543809	447	42519	TRUE	1.2515903567953963e-7	-0.4563750660056851	TRUE	1016	82	0.5816340880326255
ENSG00000175387	chr18:48542726-48543809	226	20974	TRUE	0.0027610273058166768	-0.4273679182535477	TRUE	1016	82	0.23832559883748183
ENSG00000101665	chr18:48542726-48543809	15	1430	TRUE	0.032	-1.0904012546438366	TRUE	1016	82	0.014147096048375756
ENSG00000177576	chr18:48542726-48543809	17	2021	TRUE	0.112	-0.7280750340764515	FALSE	1016	82	0.01984718511226738
ENSG00000141627	chr18:48542726-48543809	126	14952	TRUE	0.132	-0.1480579989957258	FALSE	1016	82	0.16553696151502367
ENSG00000134030	chr18:48542726-48543809	10	938	TRUE	0.6	-0.542397988466794	FALSE	1016	82	0.009328270754230535
ENSG00000265681	chr18:48542726-48543809	447	42519	TRUE	0.003736142974298931	-0.2811981656405007	TRUE	1016	83	0.5816340880326255
ENSG00000175387	chr18:48542726-48543809	226	20974	TRUE	0.024	-0.3555772351855375	TRUE	1016	83	0.23832559883748183
ENSG00000141627	chr18:48542726-48543809	126	14952	TRUE	0.296	-0.06118054831575881	FALSE	1016	83	0.16553696151502367
ENSG00000101665	chr18:48542726-48543809	15	1430	TRUE	0.42	-0.43832455806414394	FALSE	1016	83	0.014147096048375756
ENSG00000134030	chr18:48542726-48543809	10	938	TRUE	0.6	0.23520959019675836	FALSE	1016	83	0.009328270754230535
ENSG00000177576	chr18:48542726-48543809	17	2021	TRUE	0.82	-0.0361973294387834	FALSE	1016	83	0.01984718511226738
ENSG00000265681	chr18:48542726-48543809	447	42519	TRUE	6.553276227842325e-5	-0.38854357532757455	TRUE	1016	84	0.5816340880326255
ENSG00000175387	chr18:48542726-48543809	226	20974	TRUE	0.248	-0.26071804884409655	FALSE	1016	84	0.23832559883748183
ENSG00000141627	chr18:48542726-48543809	126	14952	TRUE	0.388	-0.06118054831575881	FALSE	1016	84	0.16553696151502367
ENSG00000101665	chr18:48542726-48543809	15	1430	TRUE	0.656	-0.3127936759802843	FALSE	1016	84	0.014147096048375756
ENSG00000134030	chr18:48542726-48543809	10	938	TRUE	0.712	0.1096787081128987	FALSE	1016	84	0.009328270754230535
ENSG00000177576	chr18:48542726-48543809	17	2021	TRUE	0.844	-0.10658665733018147	FALSE	1016	84	0.01984718511226738
ENSG00000265681	chr18:48542726-48543809	447	42519	TRUE	9.408657880025009e-6	-0.38854357532757455	TRUE	1016	85	0.5816340880326255
ENSG00000141627	chr18:48542726-48543809	126	14952	TRUE	0.002276985577909514	-0.3392824022384944	TRUE	1016	85	0.16553696151502367
ENSG00000175387	chr18:48542726-48543809	226	20974	TRUE	0.00562934645762541	-0.37674184518357956	TRUE	1016	85	0.23832559883748183
ENSG00000101665	chr18:48542726-48543809	15	1430	TRUE	0.116	-0.7278311752591282	FALSE	1016	85	0.014147096048375756
ENSG00000134030	chr18:48542726-48543809	10	938	TRUE	0.124	1.042564512254362	FALSE	1016	85	0.009328270754230535
ENSG00000177576	chr18:48542726-48543809	17	2021	TRUE	0.344	-0.4285147522175432	FALSE	1016	85	0.01984718511226738
ENSG00000265681	chr18:48542726-48543809	447	42519	TRUE	3.716425021347905e-4	-0.3266411364016677	TRUE	1016	86	0.5816340880326255
ENSG00000175387	chr18:48542726-48543809	226	20974	TRUE	0.005683665816668737	-0.40545314182510683	TRUE	1016	86	0.23832559883748183
ENSG00000141627	chr18:48542726-48543809	126	14952	TRUE	0.032	-0.21944263223249116	TRUE	1016	86	0.16553696151502367
ENSG00000101665	chr18:48542726-48543809	15	1430	TRUE	0.668	0.10224382329855963	FALSE	1016	86	0.014147096048375756
ENSG00000177576	chr18:48542726-48543809	17	2021	TRUE	0.728	-0.180587238773958	FALSE	1016	86	0.01984718511226738
ENSG00000134030	chr18:48542726-48543809	10	938	TRUE	0.74	-0.17982790908208557	FALSE	1016	86	0.009328270754230535
ENSG00000141627	chr18:48542726-48543809	126	14952	TRUE	0.004522716056617693	-0.2835729696522069	TRUE	1016	87	0.16553696151502367
ENSG00000175387	chr18:48542726-48543809	226	20974	TRUE	0.052	-0.34163804422766386	FALSE	1016	87	0.23832559883748183
ENSG00000265681	chr18:48542726-48543809	447	42519	TRUE	0.188	-0.18128975082904775	FALSE	1016	87	0.5816340880326255
ENSG00000101665	chr18:48542726-48543809	15	1430	TRUE	0.3	-0.5758280818140786	FALSE	1016	87	0.014147096048375756
ENSG00000134030	chr18:48542726-48543809	10	938	TRUE	0.436	-0.542397988466794	FALSE	1016	87	0.009328270754230535
ENSG00000177576	chr18:48542726-48543809	17	2021	TRUE	0.876	-0.10658665733018147	FALSE	1016	87	0.01984718511226738
ENSG00000265681	chr18:48542726-48543809	447	42519	TRUE	0.0034846048802527757	-0.2839967989931741	TRUE	1016	88	0.5816340880326255
ENSG00000101665	chr18:48542726-48543809	15	1430	TRUE	0.024	-1.3127936759802843	TRUE	1016	88	0.014147096048375756
ENSG00000177576	chr18:48542726-48543809	17	2021	TRUE	0.168	-0.6211598301599395	FALSE	1016	88	0.01984718511226738
ENSG00000141627	chr18:48542726-48543809	126	14952	TRUE	0.44	-0.03334634011903326	FALSE	1016	88	0.16553696151502367
ENSG00000134030	chr18:48542726-48543809	10	938	TRUE	0.668	-0.17982790908208557	FALSE	1016	88	0.009328270754230535
ENSG00000175387	chr18:48542726-48543809	226	20974	TRUE	0.948	-0.14121095438800735	FALSE	1016	88	0.23832559883748183
ENSG00000175387	chr18:48542726-48543809	226	20974	TRUE	0.005992512103984146	-0.39822157259403124	TRUE	1016	89	0.23832559883748183
ENSG00000177576	chr18:48542726-48543809	17	2021	TRUE	0.014157485885554849	-1.1065866573301815	TRUE	1016	89	0.01984718511226738
ENSG00000265681	chr18:48542726-48543809	447	42519	TRUE	0.044	-0.22903033977524567	TRUE	1016	89	0.5816340880326255
ENSG00000141627	chr18:48542726-48543809	126	14952	TRUE	0.348	-0.06118054831575881	FALSE	1016	89	0.16553696151502367
ENSG00000101665	chr18:48542726-48543809	15	1430	TRUE	0.752	-0.19731645856034863	FALSE	1016	89	0.014147096048375756
ENSG00000134030	chr18:48542726-48543809	10	938	TRUE	0.88	-0.027824815637035982	FALSE	1016	89	0.009328270754230535
ENSG00000134030	chr18:48542726-48543809	10	938	TRUE	0.064	-1.7647904098032416	FALSE	1016	90	0.009328270754230535
ENSG00000175387	chr18:48542726-48543809	226	20974	TRUE	0.096	-0.2738934375918296	FALSE	1016	90	0.23832559883748183
ENSG00000265681	chr18:48542726-48543809	447	42519	TRUE	0.116	-0.20231300139946606	FALSE	1016	90	0.5816340880326255
ENSG00000177576	chr18:48542726-48543809	17	2021	TRUE	0.708	-0.25858975077523105	FALSE	1016	90	0.01984718511226738
ENSG00000101665	chr18:48542726-48543809	15	1430	TRUE	0.788	-0.19731645856034863	FALSE	1016	90	0.014147096048375756
ENSG00000141627	chr18:48542726-48543809	126	14952	TRUE	0.896	0.02958491560742349	FALSE	1016	90	0.16553696151502367
ENSG00000265681	chr18:48542726-48543809	447	42519	TRUE	5.8877196926128764e-5	-0.3646474589814128	TRUE	1016	91	0.5816340880326255
ENSG00000175387	chr18:48542726-48543809	226	20974	TRUE	0.024	-0.34163804422766386	TRUE	1016	91	0.23832559883748183
ENSG00000101665	chr18:48542726-48543809	15	1430	TRUE	0.316	-0.5758280818140786	FALSE	1016	91	0.014147096048375756
ENSG00000177576	chr18:48542726-48543809	17	2021	TRUE	0.428	-0.4285147522175432	FALSE	1016	91	0.01984718511226738
ENSG00000134030	chr18:48542726-48543809	10	938	TRUE	0.552	-0.7647904098032416	FALSE	1016	91	0.009328270754230535
ENSG00000141627	chr18:48542726-48543809	126	14952	TRUE	0.68	0.02076106522041732	FALSE	1016	91	0.16553696151502367
ENSG00000175387	chr18:48542726-48543809	226	20974	TRUE	1.7060622241437014e-4	-0.5029189512607246	TRUE	1016	92	0.23832559883748183
ENSG00000141627	chr18:48542726-48543809	126	14952	TRUE	0.003530743018410505	-0.29454408747321015	TRUE	1016	92	0.16553696151502367
ENSG00000265681	chr18:48542726-48543809	447	42519	TRUE	0.044	-0.21294063723693946	TRUE	1016	92	0.5816340880326255
ENSG00000101665	chr18:48542726-48543809	15	1430	TRUE	0.084	-0.8977561767014404	FALSE	1016	92	0.014147096048375756
ENSG00000177576	chr18:48542726-48543809	17	2021	TRUE	0.216	0.27192496592354853	FALSE	1016	92	0.01984718511226738
ENSG00000134030	chr18:48542726-48543809	10	938	TRUE	0.472	-0.542397988466794	FALSE	1016	92	0.009328270754230535
ENSG00000265681	chr18:48542726-48543809	447	42519	TRUE	3.638611502647126e-4	-0.33242348899567387	TRUE	1016	93	0.5816340880326255
ENSG00000141627	chr18:48542726-48543809	126	14952	TRUE	9.863870319498196e-4	-0.3392824022384944	TRUE	1016	93	0.16553696151502367
ENSG00000177576	chr18:48542726-48543809	17	2021	TRUE	0.028	-0.8435522514963871	TRUE	1016	93	0.01984718511226738
ENSG00000101665	chr18:48542726-48543809	15	1430	TRUE	0.204	-0.5758280818140786	FALSE	1016	93	0.014147096048375756
ENSG00000134030	chr18:48542726-48543809	10	938	TRUE	0.644	-0.027824815637035982	FALSE	1016	93	0.009328270754230535
ENSG00000175387	chr18:48542726-48543809	226	20974	TRUE	0.68	-0.17171304278535127	FALSE	1016	93	0.23832559883748183
ENSG00000265681	chr18:48542726-48543809	447	42519	TRUE	5.205548257495519e-5	-0.3735621837891603	TRUE	1016	94	0.5816340880326255
ENSG00000141627	chr18:48542726-48543809	126	14952	TRUE	0.064	-0.17821996950597807	FALSE	1016	94	0.16553696151502367
ENSG00000175387	chr18:48542726-48543809	226	20974	TRUE	0.232	-0.2411778624484513	FALSE	1016	94	0.23832559883748183
ENSG00000134030	chr18:48542726-48543809	10	938	TRUE	0.636	-0.542397988466794	FALSE	1016	94	0.009328270754230535
ENSG00000177576	chr18:48542726-48543809	17	2021	TRUE	0.712	-0.25858975077523105	FALSE	1016	94	0.01984718511226738
ENSG00000101665	chr18:48542726-48543809	15	1430	TRUE	0.924	-0.09040125464383664	FALSE	1016	94	0.014147096048375756
ENSG00000265681	chr18:48542726-48543809	447	42519	TRUE	5.834971627816307e-4	-0.3180108312582277	TRUE	1016	95	0.5816340880326255
ENSG00000175387	chr18:48542726-48543809	226	20974	TRUE	0.0024181211658354587	-0.4273679182535477	TRUE	1016	95	0.23832559883748183
ENSG00000134030	chr18:48542726-48543809	10	938	TRUE	0.068	-1.7647904098032416	FALSE	1016	95	0.009328270754230535
ENSG00000141627	chr18:48542726-48543809	126	14952	TRUE	0.072	-0.1580420875683477	FALSE	1016	95	0.16553696151502367
ENSG00000101665	chr18:48542726-48543809	15	1430	TRUE	0.12	-0.8977561767014404	FALSE	1016	95	0.014147096048375756
ENSG00000177576	chr18:48542726-48543809	17	2021	TRUE	0.212	-0.6211598301599395	FALSE	1016	95	0.01984718511226738
ENSG00000141627	chr18:48542726-48543809	126	14952	TRUE	9.426251868644708e-4	-0.3621828043485733	TRUE	1016	96	0.16553696151502367
ENSG00000175387	chr18:48542726-48543809	226	20974	TRUE	0.0030464844869933505	-0.42002594291238005	TRUE	1016	96	0.23832559883748183
ENSG00000265681	chr18:48542726-48543809	447	42519	TRUE	0.1	-0.194393338103228	FALSE	1016	96	0.5816340880326255
ENSG00000134030	chr18:48542726-48543809	10	938	TRUE	0.348	-1.027824815637036	FALSE	1016	96	0.009328270754230535
ENSG00000101665	chr18:48542726-48543809	15	1430	TRUE	0.488	-0.43832455806414394	FALSE	1016	96	0.014147096048375756
ENSG00000177576	chr18:48542726-48543809	17	2021	TRUE	0.788	-0.180587238773958	FALSE	1016	96	0.01984718511226738
ENSG00000175387	chr18:48542726-48543809	226	20974	TRUE	3.5702447318368362e-6	-0.6242252474828582	TRUE	1016	97	0.23832559883748183
ENSG00000265681	chr18:48542726-48543809	447	42519	TRUE	0.0018605618974307132	-0.2839967989931741	TRUE	1016	97	0.5816340880326255
ENSG00000141627	chr18:48542726-48543809	126	14952	TRUE	0.044	-0.1580420875683477	TRUE	1016	97	0.16553696151502367
ENSG00000177576	chr18:48542726-48543809	17	2021	TRUE	0.096	-0.8435522514963871	FALSE	1016	97	0.01984718511226738
ENSG00000101665	chr18:48542726-48543809	15	1430	TRUE	0.348	-0.43832455806414394	FALSE	1016	97	0.014147096048375756
ENSG00000134030	chr18:48542726-48543809	10	938	TRUE	0.64	-0.17982790908208557	FALSE	1016	97	0.009328270754230535
ENSG00000177576	chr18:48542726-48543809	17	2021	TRUE	0.010949640979434877	-1.1065866573301815	TRUE	1016	98	0.01984718511226738
ENSG00000265681	chr18:48542726-48543809	447	42519	TRUE	0.044	-0.2371429855625653	FALSE	1016	98	0.5816340880326255
ENSG00000141627	chr18:48542726-48543809	126	14952	TRUE	0.104	-0.1480579989957258	FALSE	1016	98	0.16553696151502367
ENSG00000134030	chr18:48542726-48543809	10	938	TRUE	0.648	0.23520959019675836	FALSE	1016	98	0.009328270754230535
ENSG00000175387	chr18:48542726-48543809	226	20974	TRUE	0.664	-0.1778916177144758	FALSE	1016	98	0.23832559883748183
ENSG00000101665	chr18:48542726-48543809	15	1430	TRUE	0.712	0.009134418907077446	FALSE	1016	98	0.014147096048375756
ENSG00000175387	chr18:48542726-48543809	226	20974	TRUE	0.0011879871400517043	-0.46464893433300736	TRUE	1016	99	0.23832559883748183
ENSG00000265681	chr18:48542726-48543809	447	42519	TRUE	0.015152430411420961	-0.2617582848168135	TRUE	1016	99	0.5816340880326255
ENSG00000101665	chr18:48542726-48543809	15	1430	TRUE	0.04	-0.8977561767014404	TRUE	1016	99	0.014147096048375756
ENSG00000141627	chr18:48542726-48543809	126	14952	TRUE	0.168	-0.11851372338171062	FALSE	1016	99	0.16553696151502367
ENSG00000177576	chr18:48542726-48543809	17	2021	TRUE	0.74	-0.180587238773958	FALSE	1016	99	0.01984718511226738
ENSG00000134030	chr18:48542726-48543809	10	938	TRUE	0.812	0.1096787081128987	FALSE	1016	99	0.009328270754230535
ENSG00000141627	chr18:48542726-48543809	126	14952	TRUE	0.002229450982219966	-0.3392824022384944	TRUE	1016	100	0.16553696151502367
ENSG00000175387	chr18:48542726-48543809	226	20974	TRUE	0.003709463525411627	-0.39822157259403124	TRUE	1016	100	0.23832559883748183
ENSG00000134030	chr18:48542726-48543809	10	938	TRUE	0.0072	1.1096787081128987	TRUE	1016	100	0.009328270754230535
ENSG00000265681	chr18:48542726-48543809	447	42519	TRUE	0.010731583157382575	-0.2617582848168135	TRUE	1016	100	0.5816340880326255
ENSG00000177576	chr18:48542726-48543809	17	2021	TRUE	0.364	0.21534143755718116	FALSE	1016	100	0.01984718511226738
ENSG00000101665	chr18:48542726-48543809	15	1430	TRUE	0.808	0.009134418907077446	FALSE	1016	100	0.014147096048375756
ENSG00000141759	chr18:79982669-79983169	912	85029	TRUE	1.4109354545374284e-14	-0.5206229603115273	TRUE	1053	1	2.5992968640135
ENSG00000267127	chr18:79982669-79983169	9	1202	TRUE	0.032	-1.465826081011314	FALSE	1053	1	0.011803309426709792
ENSG00000131196	chr18:79982669-79983169	49	4693	TRUE	0.084	-0.6231845480076075	FALSE	1053	1	0.048010125158205595
ENSG00000060069	chr18:79982669-79983169	36	3663	TRUE	0.132	-0.5862876441233587	FALSE	1053	1	0.0371162049407022
ENSG00000279077	chr18:79982669-79983169	8	545	TRUE	0.2	-1.0244446470690667	FALSE	1053	1	0.0054000843763183795
ENSG00000101546	chr18:79982669-79983169	384	32338	TRUE	0.208	-0.20143110679828813	FALSE	1053	1	0.3974874607415741
ENSG00000261126	chr18:79982669-79983169	7	558	TRUE	0.256	-0.894999047557639	FALSE	1053	1	0.005475085548211691
ENSG00000178184	chr18:79982669-79983169	27	2484	TRUE	0.36	-0.43153686123027946	FALSE	1053	1	0.02501289082641916
ENSG00000122490	chr18:79982669-79983169	90	7719	TRUE	0.496	-0.3082294125881404	FALSE	1053	1	0.08160127501992219
ENSG00000267655	chr18:79982669-79983169	9	386	TRUE	0.52	-0.7301009583855844	FALSE	1053	1	0.0038719354989921718
ENSG00000274828	chr18:79982669-79983169	19	2945	TRUE	0.568	-0.12176250822584755	FALSE	1053	1	0.02965358833731777
ENSG00000278000	chr18:79982669-79983169	11	1079	TRUE	0.632	-0.27080717999112913	FALSE	1053	1	0.01084704448507008
ENSG00000101544	chr18:79982669-79983169	131	11428	TRUE	0.768	-0.10651713292874021	FALSE	1053	1	0.12104251628931702
ENSG00000279474	chr18:79982669-79983169	8	483	TRUE	0.86	-0.06537471525017846	FALSE	1053	1	0.004687573243331927
ENSG00000166377	chr18:79982669-79983169	26	2208	TRUE	0.996	-0.09753208617102782	FALSE	1053	1	0.02225659775933999
ENSG00000141759	chr18:79982669-79983169	912	85029	TRUE	4.767716875939782e-12	-0.4793818838842534	TRUE	1053	2	2.5992968640135
ENSG00000101546	chr18:79982669-79983169	384	32338	TRUE	0.014989599904239509	-0.27758044572408425	FALSE	1053	2	0.3974874607415741
ENSG00000274828	chr18:79982669-79983169	19	2945	TRUE	0.088	-0.46968581164615397	FALSE	1053	2	0.02965358833731777
ENSG00000278000	chr18:79982669-79983169	11	1079	TRUE	0.104	-0.8557696807122852	FALSE	1053	2	0.01084704448507008
ENSG00000131196	chr18:79982669-79983169	49	4693	TRUE	0.12	-0.510709818749195	FALSE	1053	2	0.048010125158205595
ENSG00000279077	chr18:79982669-79983169	8	545	TRUE	0.176	-1.6094071477902228	FALSE	1053	2	0.0054000843763183795
ENSG00000122490	chr18:79982669-79983169	90	7719	TRUE	0.236	-0.3831914702693626	FALSE	1053	2	0.08160127501992219
ENSG00000279474	chr18:79982669-79983169	8	483	TRUE	0.304	-1.387302810137541	FALSE	1053	2	0.004687573243331927
ENSG00000267127	chr18:79982669-79983169	9	1202	TRUE	0.4	-0.6178291744563644	FALSE	1053	2	0.011803309426709792
ENSG00000261126	chr18:79982669-79983169	7	558	TRUE	0.464	-0.4799615482787951	FALSE	1053	2	0.005475085548211691
ENSG00000060069	chr18:79982669-79983169	36	3663	TRUE	0.532	-0.40571539848153737	FALSE	1053	2	0.0371162049407022
ENSG00000101544	chr18:79982669-79983169	131	11428	TRUE	0.536	-0.18831122409238743	FALSE	1053	2	0.12104251628931702
ENSG00000267655	chr18:79982669-79983169	9	386	TRUE	0.588	-0.7301009583855844	FALSE	1053	2	0.0038719354989921718
ENSG00000166377	chr18:79982669-79983169	26	2208	TRUE	0.592	0.13379345993542735	FALSE	1053	2	0.02225659775933999
ENSG00000178184	chr18:79982669-79983169	27	2484	TRUE	0.864	-0.12341456586794841	FALSE	1053	2	0.02501289082641916
ENSG00000141759	chr18:79982669-79983169	912	85029	TRUE	2.6554574034954096e-13	-0.5430214154098587	TRUE	1053	3	2.5992968640135
ENSG00000101546	chr18:79982669-79983169	384	32338	TRUE	0.006486316342569007	-0.3333822373924358	TRUE	1053	3	0.3974874607415741
ENSG00000131196	chr18:79982669-79983169	49	4693	TRUE	0.020144797268783043	-0.7033548966915912	FALSE	1053	3	0.048010125158205595
ENSG00000060069	chr18:79982669-79983169	36	3663	TRUE	0.088	-0.6351972446043055	FALSE	1053	3	0.0371162049407022
ENSG00000101544	chr18:79982669-79983169	131	11428	TRUE	0.132	-0.34031431753743746	FALSE	1053	3	0.12104251628931702
ENSG00000122490	chr18:79982669-79983169	90	7719	TRUE	0.14	-0.3831914702693626	FALSE	1053	3	0.08160127501992219
ENSG00000279474	chr18:79982669-79983169	8	483	TRUE	0.26	-1.387302810137541	FALSE	1053	3	0.004687573243331927
ENSG00000166377	chr18:79982669-79983169	26	2208	TRUE	0.384	0.18626087982956285	FALSE	1053	3	0.02225659775933999
ENSG00000267655	chr18:79982669-79983169	9	386	TRUE	0.436	0.00686463578062213	FALSE	1053	3	0.0038719354989921718
ENSG00000267127	chr18:79982669-79983169	9	1202	TRUE	0.464	0.21224582410132342	FALSE	1053	3	0.011803309426709792
ENSG00000261126	chr18:79982669-79983169	7	558	TRUE	0.536	-0.4799615482787951	FALSE	1053	3	0.005475085548211691
ENSG00000274828	chr18:79982669-79983169	19	2945	TRUE	0.584	0.1583454109668887	FALSE	1053	3	0.02965358833731777
ENSG00000178184	chr18:79982669-79983169	27	2484	TRUE	0.596	-0.23889178328788407	FALSE	1053	3	0.02501289082641916
ENSG00000278000	chr18:79982669-79983169	11	1079	TRUE	0.596	-0.11880408654607866	FALSE	1053	3	0.01084704448507008
ENSG00000279077	chr18:79982669-79983169	8	545	TRUE	0.752	-0.6094071477902228	FALSE	1053	3	0.0054000843763183795
ENSG00000141759	chr18:79982669-79983169	912	85029	TRUE	2.046800021810914e-13	-0.5127999223941302	TRUE	1053	4	2.5992968640135
ENSG00000274828	chr18:79982669-79983169	19	2945	TRUE	0.002141526773442426	-0.9291174302834513	TRUE	1053	4	0.02965358833731777
ENSG00000101546	chr18:79982669-79983169	384	32338	TRUE	0.01461189798290928	-0.2814954957274671	TRUE	1053	4	0.3974874607415741
ENSG00000279077	chr18:79982669-79983169	8	545	TRUE	0.028	-2.6094071477902228	FALSE	1053	4	0.0054000843763183795
ENSG00000101544	chr18:79982669-79983169	131	11428	TRUE	0.1	-0.34031431753743746	FALSE	1053	4	0.12104251628931702
ENSG00000178184	chr18:79982669-79983169	27	2484	TRUE	0.128	-0.5759267705654549	FALSE	1053	4	0.02501289082641916
ENSG00000060069	chr18:79982669-79983169	36	3663	TRUE	0.288	-0.5389819293450024	FALSE	1053	4	0.0371162049407022
ENSG00000131196	chr18:79982669-79983169	49	4693	TRUE	0.308	-0.4403204908577969	FALSE	1053	4	0.048010125158205595
ENSG00000261126	chr18:79982669-79983169	7	558	TRUE	0.316	-0.894999047557639	FALSE	1053	4	0.005475085548211691
ENSG00000122490	chr18:79982669-79983169	90	7719	TRUE	0.4	-0.3831914702693626	FALSE	1053	4	0.08160127501992219
ENSG00000279474	chr18:79982669-79983169	8	483	TRUE	0.512	-0.802340309416385	FALSE	1053	4	0.004687573243331927
ENSG00000278000	chr18:79982669-79983169	11	1079	TRUE	0.648	-0.27080717999112913	FALSE	1053	4	0.01084704448507008
ENSG00000267655	chr18:79982669-79983169	9	386	TRUE	0.804	-0.3150634591067405	FALSE	1053	4	0.0038719354989921718
ENSG00000267127	chr18:79982669-79983169	9	1202	TRUE	0.9	-0.32832255726137927	FALSE	1053	4	0.011803309426709792
ENSG00000166377	chr18:79982669-79983169	26	2208	TRUE	0.988	-0.0361315415068848	FALSE	1053	4	0.02225659775933999
ENSG00000122490	chr18:79982669-79983169	90	7719	TRUE	1.7595631980524794e-5	-1.0270476600440874	TRUE	1053	5	0.08160127501992219
ENSG00000101546	chr18:79982669-79983169	384	32338	TRUE	8.178070431054014e-4	-0.37460490011894865	TRUE	1053	5	0.3974874607415741
ENSG00000141759	chr18:79982669-79983169	912	85029	TRUE	0.0016	-0.33617224178910243	TRUE	1053	5	2.5992968640135
ENSG00000261126	chr18:79982669-79983169	7	558	TRUE	0.06	-1.4799615482787951	FALSE	1053	5	0.005475085548211691
ENSG00000131196	chr18:79982669-79983169	49	4693	TRUE	0.104	-0.5847104001929724	FALSE	1053	5	0.048010125158205595
ENSG00000060069	chr18:79982669-79983169	36	3663	TRUE	0.188	-0.5389819293450024	FALSE	1053	5	0.0371162049407022
ENSG00000278000	chr18:79982669-79983169	11	1079	TRUE	0.228	-0.6333772593758376	FALSE	1053	5	0.01084704448507008
ENSG00000267127	chr18:79982669-79983169	9	1202	TRUE	0.256	-0.6178291744563644	FALSE	1053	5	0.011803309426709792
ENSG00000166377	chr18:79982669-79983169	26	2208	TRUE	0.324	-0.37316652878445566	FALSE	1053	5	0.02225659775933999
ENSG00000274828	chr18:79982669-79983169	19	2945	TRUE	0.456	-0.17422992811998306	FALSE	1053	5	0.02965358833731777
ENSG00000267655	chr18:79982669-79983169	9	386	TRUE	0.504	-0.7301009583855844	FALSE	1053	5	0.0038719354989921718
ENSG00000279077	chr18:79982669-79983169	8	545	TRUE	0.64	-0.024444647069066683	FALSE	1053	5	0.0054000843763183795
ENSG00000101544	chr18:79982669-79983169	131	11428	TRUE	0.78	-0.12941753503881914	FALSE	1053	5	0.12104251628931702
ENSG00000279474	chr18:79982669-79983169	8	483	TRUE	0.8	-0.06537471525017846	FALSE	1053	5	0.004687573243331927
ENSG00000178184	chr18:79982669-79983169	27	2484	TRUE	0.904	-0.12341456586794841	FALSE	1053	5	0.02501289082641916
ENSG00000101546	chr18:79982669-79983169	384	32338	TRUE	4.673815214326336e-6	-0.4741405736698634	TRUE	1053	6	0.3974874607415741
ENSG00000141759	chr18:79982669-79983169	912	85029	TRUE	4e-4	-0.46044860636705187	TRUE	1053	6	2.5992968640135
ENSG00000122490	chr18:79982669-79983169	90	7719	TRUE	0.08	-0.524547319514904	FALSE	1053	6	0.08160127501992219
ENSG00000101544	chr18:79982669-79983169	131	11428	TRUE	0.176	-0.30078595335079994	FALSE	1053	6	0.12104251628931702
ENSG00000131196	chr18:79982669-79983169	49	4693	TRUE	0.216	-0.5472356947743089	FALSE	1053	6	0.048010125158205595
ENSG00000279077	chr18:79982669-79983169	8	545	TRUE	0.476	-0.6094071477902228	FALSE	1053	6	0.0054000843763183795
ENSG00000274828	chr18:79982669-79983169	19	2945	TRUE	0.488	-0.17422992811998306	FALSE	1053	6	0.02965358833731777
ENSG00000267127	chr18:79982669-79983169	9	1202	TRUE	0.58	-0.46582608101131395	FALSE	1053	6	0.011803309426709792
ENSG00000278000	chr18:79982669-79983169	11	1079	TRUE	0.672	0.1442303192877148	FALSE	1053	6	0.01084704448507008
ENSG00000166377	chr18:79982669-79983169	26	2208	TRUE	0.832	-0.16166242359074356	FALSE	1053	6	0.02225659775933999
ENSG00000060069	chr18:79982669-79983169	36	3663	TRUE	0.952	-0.24525072628829214	FALSE	1053	6	0.0371162049407022
ENSG00000178184	chr18:79982669-79983169	27	2484	TRUE	0.964	-0.12341456586794841	FALSE	1053	6	0.02501289082641916
ENSG00000279474	chr18:79982669-79983169	8	483	TRUE	0.992	-0.06537471525017846	FALSE	1053	6	0.004687573243331927
ENSG00000261126	chr18:79982669-79983169	7	558	TRUE	1	0.10500095244236096	FALSE	1053	6	0.005475085548211691
ENSG00000267655	chr18:79982669-79983169	9	386	TRUE	1	-0.3150634591067405	FALSE	1053	6	0.0038719354989921718
ENSG00000141759	chr18:79982669-79983169	912	85029	TRUE	4e-4	-0.5324376354101952	TRUE	1053	7	2.5992968640135
ENSG00000101544	chr18:79982669-79983169	131	11428	TRUE	0.004018141067473564	-0.5253462113699583	TRUE	1053	7	0.12104251628931702
ENSG00000122490	chr18:79982669-79983169	90	7719	TRUE	0.048	-0.5034857039870744	FALSE	1053	7	0.08160127501992219
ENSG00000101546	chr18:79982669-79983169	384	32338	TRUE	0.1	-0.22385686985952313	FALSE	1053	7	0.3974874607415741
ENSG00000267655	chr18:79982669-79983169	9	386	TRUE	0.22	-1.3150634591067405	FALSE	1053	7	0.0038719354989921718
ENSG00000060069	chr18:79982669-79983169	36	3663	TRUE	0.256	-0.49317823973187735	FALSE	1053	7	0.0371162049407022
ENSG00000279474	chr18:79982669-79983169	8	483	TRUE	0.384	-0.802340309416385	FALSE	1053	7	0.004687573243331927
ENSG00000131196	chr18:79982669-79983169	49	4693	TRUE	0.44	-0.051278200111897654	FALSE	1053	7	0.048010125158205595
ENSG00000278000	chr18:79982669-79983169	11	1079	TRUE	0.476	0.25970753670765045	FALSE	1053	7	0.01084704448507008
ENSG00000279077	chr18:79982669-79983169	8	545	TRUE	0.556	-1.0244446470690667	FALSE	1053	7	0.0054000843763183795
ENSG00000261126	chr18:79982669-79983169	7	558	TRUE	0.632	-0.4799615482787951	FALSE	1053	7	0.005475085548211691
ENSG00000267127	chr18:79982669-79983169	9	1202	TRUE	0.908	-0.2027916751775205	FALSE	1053	7	0.011803309426709792
ENSG00000166377	chr18:79982669-79983169	26	2208	TRUE	0.928	-0.09753208617102782	FALSE	1053	7	0.02225659775933999
ENSG00000274828	chr18:79982669-79983169	19	2945	TRUE	0.952	0.02507888010342363	FALSE	1053	7	0.02965358833731777
ENSG00000178184	chr18:79982669-79983169	27	2484	TRUE	1	-0.12341456586794841	FALSE	1053	7	0.02501289082641916
ENSG00000101546	chr18:79982669-79983169	384	32338	TRUE	5.182764135020564e-9	-0.5571299383408947	TRUE	1053	8	0.3974874607415741
ENSG00000141759	chr18:79982669-79983169	912	85029	TRUE	4e-4	-0.4692532241794689	TRUE	1053	8	2.5992968640135
ENSG00000267127	chr18:79982669-79983169	9	1202	TRUE	0.028	-1.465826081011314	FALSE	1053	8	0.011803309426709792
ENSG00000178184	chr18:79982669-79983169	27	2484	TRUE	0.06	-0.7363914427587002	FALSE	1053	8	0.02501289082641916
ENSG00000278000	chr18:79982669-79983169	11	1079	TRUE	0.096	-0.8557696807122852	FALSE	1053	8	0.01084704448507008
ENSG00000274828	chr18:79982669-79983169	19	2945	TRUE	0.116	-0.40555547422643823	FALSE	1053	8	0.02965358833731777
ENSG00000279077	chr18:79982669-79983169	8	545	TRUE	0.34	-1.0244446470690667	FALSE	1053	8	0.0054000843763183795
ENSG00000261126	chr18:79982669-79983169	7	558	TRUE	0.508	-0.4799615482787951	FALSE	1053	8	0.005475085548211691
ENSG00000279474	chr18:79982669-79983169	8	483	TRUE	0.508	-0.802340309416385	FALSE	1053	8	0.004687573243331927
ENSG00000101544	chr18:79982669-79983169	131	11428	TRUE	0.632	-0.18831122409238743	FALSE	1053	8	0.12104251628931702
ENSG00000131196	chr18:79982669-79983169	49	4693	TRUE	0.712	-0.27804906195892	FALSE	1053	8	0.048010125158205595
ENSG00000267655	chr18:79982669-79983169	9	386	TRUE	0.76	-0.7301009583855844	FALSE	1053	8	0.0038719354989921718
ENSG00000166377	chr18:79982669-79983169	26	2208	TRUE	0.784	-0.09753208617102782	FALSE	1053	8	0.02225659775933999
ENSG00000122490	chr18:79982669-79983169	90	7719	TRUE	0.876	-0.23697072941831854	FALSE	1053	8	0.08160127501992219
ENSG00000060069	chr18:79982669-79983169	36	3663	TRUE	0.956	-0.20777602086962865	FALSE	1053	8	0.0371162049407022
ENSG00000141759	chr18:79982669-79983169	912	85029	TRUE	6.211665551820057e-4	-0.3541157213447783	TRUE	1053	9	2.5992968640135
ENSG00000274828	chr18:79982669-79983169	19	2945	TRUE	0.044	-0.6071893353960887	FALSE	1053	9	0.02965358833731777
ENSG00000101544	chr18:79982669-79983169	131	11428	TRUE	0.104	-0.34031431753743746	FALSE	1053	9	0.12104251628931702
ENSG00000166377	chr18:79982669-79983169	26	2208	TRUE	0.112	-0.5336312009777009	FALSE	1053	9	0.02225659775933999
ENSG00000279474	chr18:79982669-79983169	8	483	TRUE	0.18	0.6126971898624589	FALSE	1053	9	0.004687573243331927
ENSG00000122490	chr18:79982669-79983169	90	7719	TRUE	0.264	-0.3831914702693626	FALSE	1053	9	0.08160127501992219
ENSG00000101546	chr18:79982669-79983169	384	32338	TRUE	0.304	-0.18300563232810374	FALSE	1053	9	0.3974874607415741
ENSG00000060069	chr18:79982669-79983169	36	3663	TRUE	0.424	-0.40571539848153737	FALSE	1053	9	0.0371162049407022
ENSG00000267127	chr18:79982669-79983169	9	1202	TRUE	0.572	-0.08731445775758484	FALSE	1053	9	0.011803309426709792
ENSG00000178184	chr18:79982669-79983169	27	2484	TRUE	0.632	-0.06896678184557192	FALSE	1053	9	0.02501289082641916
ENSG00000261126	chr18:79982669-79983169	7	558	TRUE	0.644	-0.1580334533914325	FALSE	1053	9	0.005475085548211691
ENSG00000279077	chr18:79982669-79983169	8	545	TRUE	0.892	-0.28747905290286013	FALSE	1053	9	0.0054000843763183795
ENSG00000278000	chr18:79982669-79983169	11	1079	TRUE	0.916	-0.11880408654607866	FALSE	1053	9	0.01084704448507008
ENSG00000267655	chr18:79982669-79983169	9	386	TRUE	0.956	-0.3150634591067405	FALSE	1053	9	0.0038719354989921718
ENSG00000131196	chr18:79982669-79983169	49	4693	TRUE	0.972	-0.18878172386183234	FALSE	1053	9	0.048010125158205595
ENSG00000141759	chr18:79982669-79983169	912	85029	TRUE	4e-4	-0.4774773356988935	TRUE	1053	10	2.5992968640135
ENSG00000101546	chr18:79982669-79983169	384	32338	TRUE	0.007742233744651994	-0.3132043554548054	TRUE	1053	10	0.3974874607415741
ENSG00000178184	chr18:79982669-79983169	27	2484	TRUE	0.022373610601943317	-0.9169636884005214	TRUE	1053	10	0.02501289082641916
ENSG00000131196	chr18:79982669-79983169	49	4693	TRUE	0.024	-0.8326379136365576	TRUE	1053	10	0.048010125158205595
ENSG00000122490	chr18:79982669-79983169	90	7719	TRUE	0.028	-0.6347302372653267	TRUE	1053	10	0.08160127501992219
ENSG00000279077	chr18:79982669-79983169	8	545	TRUE	0.0396	-2.6094071477902228	TRUE	1053	10	0.0054000843763183795
ENSG00000166377	chr18:79982669-79983169	26	2208	TRUE	0.084	0.3789059577719591	FALSE	1053	10	0.02225659775933999
ENSG00000101544	chr18:79982669-79983169	131	11428	TRUE	0.088	-0.36728136513770693	FALSE	1053	10	0.12104251628931702
ENSG00000279474	chr18:79982669-79983169	8	483	TRUE	0.192	-1.387302810137541	FALSE	1053	10	0.004687573243331927
ENSG00000261126	chr18:79982669-79983169	7	558	TRUE	0.552	-0.4799615482787951	FALSE	1053	10	0.005475085548211691
ENSG00000060069	chr18:79982669-79983169	36	3663	TRUE	0.74	-0.28372487410292724	FALSE	1053	10	0.0371162049407022
ENSG00000278000	chr18:79982669-79983169	11	1079	TRUE	0.836	0.25970753670765045	FALSE	1053	10	0.01084704448507008
ENSG00000267127	chr18:79982669-79983169	9	1202	TRUE	0.848	-0.2027916751775205	FALSE	1053	10	0.011803309426709792
ENSG00000267655	chr18:79982669-79983169	9	386	TRUE	0.876	-0.3150634591067405	FALSE	1053	10	0.0038719354989921718
ENSG00000274828	chr18:79982669-79983169	19	2945	TRUE	0.98	0.02507888010342363	FALSE	1053	10	0.02965358833731777
ENSG00000141759	chr18:79982669-79983169	912	85029	TRUE	4e-4	-0.37051681602716324	TRUE	1053	11	2.5992968640135
ENSG00000122490	chr18:79982669-79983169	90	7719	TRUE	0.072	-0.5034857039870744	FALSE	1053	11	0.08160127501992219
ENSG00000261126	chr18:79982669-79983169	7	558	TRUE	0.12	-1.4799615482787951	FALSE	1053	11	0.005475085548211691
ENSG00000101544	chr18:79982669-79983169	131	11428	TRUE	0.172	-0.28784689764330196	FALSE	1053	11	0.12104251628931702
ENSG00000274828	chr18:79982669-79983169	19	2945	TRUE	0.232	-0.28526124050872603	FALSE	1053	11	0.02965358833731777
ENSG00000267655	chr18:79982669-79983169	9	386	TRUE	0.256	-1.3150634591067405	FALSE	1053	11	0.0038719354989921718
ENSG00000279077	chr18:79982669-79983169	8	545	TRUE	0.404	-1.0244446470690667	FALSE	1053	11	0.0054000843763183795
ENSG00000060069	chr18:79982669-79983169	36	3663	TRUE	0.424	-0.363895222786911	FALSE	1053	11	0.0371162049407022
ENSG00000279474	chr18:79982669-79983169	8	483	TRUE	0.432	0.197659690583615	FALSE	1053	11	0.004687573243331927
ENSG00000278000	chr18:79982669-79983169	11	1079	TRUE	0.496	-0.27080717999112913	FALSE	1053	11	0.01084704448507008
ENSG00000267127	chr18:79982669-79983169	9	1202	TRUE	0.512	0.11913641970984212	FALSE	1053	11	0.011803309426709792
ENSG00000131196	chr18:79982669-79983169	49	4693	TRUE	0.64	-0.30907595757954454	FALSE	1053	11	0.048010125158205595
ENSG00000178184	chr18:79982669-79983169	27	2484	TRUE	0.648	-0.01649936195143642	FALSE	1053	11	0.02501289082641916
ENSG00000166377	chr18:79982669-79983169	26	2208	TRUE	0.668	-0.16166242359074356	FALSE	1053	11	0.02225659775933999
ENSG00000101546	chr18:79982669-79983169	384	32338	TRUE	0.74	-0.11855692460126166	FALSE	1053	11	0.3974874607415741
ENSG00000101546	chr18:79982669-79983169	384	32338	TRUE	1.5265905700459336e-5	-0.45632929755340257	TRUE	1053	12	0.3974874607415741
ENSG00000141759	chr18:79982669-79983169	912	85029	TRUE	4e-4	-0.468622537812752	TRUE	1053	12	2.5992968640135
ENSG00000131196	chr18:79982669-79983169	49	4693	TRUE	0.0022872642037459062	-0.9746569185089857	TRUE	1053	12	0.048010125158205595
ENSG00000122490	chr18:79982669-79983169	90	7719	TRUE	0.005477853268574286	-0.7051195651567248	TRUE	1053	12	0.08160127501992219
ENSG00000101544	chr18:79982669-79983169	131	11428	TRUE	0.0199068809540818	-0.4369903369491115	TRUE	1053	12	0.12104251628931702
ENSG00000178184	chr18:79982669-79983169	27	2484	TRUE	0.184	-0.5759267705654549	FALSE	1053	12	0.02501289082641916
ENSG00000261126	chr18:79982669-79983169	7	558	TRUE	0.24	-0.894999047557639	FALSE	1053	12	0.005475085548211691
ENSG00000267655	chr18:79982669-79983169	9	386	TRUE	0.248	0.49229146295086323	FALSE	1053	12	0.0038719354989921718
ENSG00000060069	chr18:79982669-79983169	36	3663	TRUE	0.264	-0.44878412037342397	FALSE	1053	12	0.0371162049407022
ENSG00000166377	chr18:79982669-79983169	26	2208	TRUE	0.328	-0.4511690407857287	FALSE	1053	12	0.02225659775933999
ENSG00000267127	chr18:79982669-79983169	9	1202	TRUE	0.356	-0.6178291744563644	FALSE	1053	12	0.011803309426709792
ENSG00000278000	chr18:79982669-79983169	11	1079	TRUE	0.392	-0.27080717999112913	FALSE	1053	12	0.01084704448507008
ENSG00000279077	chr18:79982669-79983169	8	545	TRUE	0.544	0.5605178536520894	FALSE	1053	12	0.0054000843763183795
ENSG00000274828	chr18:79982669-79983169	19	2945	TRUE	0.768	-0.12176250822584755	FALSE	1053	12	0.02965358833731777
ENSG00000279474	chr18:79982669-79983169	8	483	TRUE	0.912	-0.06537471525017846	FALSE	1053	12	0.004687573243331927
ENSG00000101544	chr18:79982669-79983169	131	11428	TRUE	3.364284666022323e-5	-0.7201623883539812	TRUE	1053	13	0.12104251628931702
ENSG00000101546	chr18:79982669-79983169	384	32338	TRUE	7.93311481218108e-5	-0.42567908471321814	TRUE	1053	13	0.3974874607415741
ENSG00000141759	chr18:79982669-79983169	912	85029	TRUE	4e-4	-0.5847830112439856	TRUE	1053	13	2.5992968640135
ENSG00000274828	chr18:79982669-79983169	19	2945	TRUE	0.024	-0.6811899168398661	TRUE	1053	13	0.02965358833731777
ENSG00000267127	chr18:79982669-79983169	9	1202	TRUE	0.036	-1.465826081011314	FALSE	1053	13	0.011803309426709792
ENSG00000261126	chr18:79982669-79983169	7	558	TRUE	0.068	0.9794700703585022	FALSE	1053	13	0.005475085548211691
ENSG00000131196	chr18:79982669-79983169	49	4693	TRUE	0.212	-0.4403204908577969	FALSE	1053	13	0.048010125158205595
ENSG00000122490	chr18:79982669-79983169	90	7719	TRUE	0.324	-0.32660794190299525	FALSE	1053	13	0.08160127501992219
ENSG00000279077	chr18:79982669-79983169	8	545	TRUE	0.38	-0.6094071477902228	FALSE	1053	13	0.0054000843763183795
ENSG00000267655	chr18:79982669-79983169	9	386	TRUE	0.62	-0.7301009583855844	FALSE	1053	13	0.0038719354989921718
ENSG00000278000	chr18:79982669-79983169	11	1079	TRUE	0.804	0.1442303192877148	FALSE	1053	13	0.01084704448507008
ENSG00000279474	chr18:79982669-79983169	8	483	TRUE	0.904	-0.06537471525017846	FALSE	1053	13	0.004687573243331927
ENSG00000166377	chr18:79982669-79983169	26	2208	TRUE	0.908	-0.0361315415068848	FALSE	1053	13	0.02225659775933999
ENSG00000178184	chr18:79982669-79983169	27	2484	TRUE	0.976	-0.06896678184557192	FALSE	1053	13	0.02501289082641916
ENSG00000060069	chr18:79982669-79983169	36	3663	TRUE	0.992	-0.20777602086962865	FALSE	1053	13	0.0371162049407022
ENSG00000141759	chr18:79982669-79983169	912	85029	TRUE	4.005406023388291e-14	-0.5370584882675342	TRUE	1053	14	2.5992968640135
ENSG00000060069	chr18:79982669-79983169	36	3663	TRUE	0.00526534891208702	-0.9696162836748643	TRUE	1053	14	0.0371162049407022
ENSG00000131196	chr18:79982669-79983169	49	4693	TRUE	0.036	-0.5847104001929724	FALSE	1053	14	0.048010125158205595
ENSG00000267655	chr18:79982669-79983169	9	386	TRUE	0.068	0.8548615423355717	FALSE	1053	14	0.0038719354989921718
ENSG00000101544	chr18:79982669-79983169	131	11428	TRUE	0.072	-0.38095630203478326	FALSE	1053	14	0.12104251628931702
ENSG00000261126	chr18:79982669-79983169	7	558	TRUE	0.1	-1.4799615482787951	FALSE	1053	14	0.005475085548211691
ENSG00000274828	chr18:79982669-79983169	19	2945	TRUE	0.248	-0.3441549295622952	FALSE	1053	14	0.02965358833731777
ENSG00000279474	chr18:79982669-79983169	8	483	TRUE	0.252	-1.387302810137541	FALSE	1053	14	0.004687573243331927
ENSG00000101546	chr18:79982669-79983169	384	32338	TRUE	0.268	-0.18300563232810374	FALSE	1053	14	0.3974874607415741
ENSG00000278000	chr18:79982669-79983169	11	1079	TRUE	0.348	-0.6333772593758376	FALSE	1053	14	0.01084704448507008
ENSG00000178184	chr18:79982669-79983169	27	2484	TRUE	0.548	-0.36442266537174284	FALSE	1053	14	0.02501289082641916
ENSG00000122490	chr18:79982669-79983169	90	7719	TRUE	0.568	-0.2900820658778813	FALSE	1053	14	0.08160127501992219
ENSG00000166377	chr18:79982669-79983169	26	2208	TRUE	0.612	-0.29916594734067825	FALSE	1053	14	0.02225659775933999
ENSG00000279077	chr18:79982669-79983169	8	545	TRUE	0.696	-0.28747905290286013	FALSE	1053	14	0.0054000843763183795
ENSG00000267127	chr18:79982669-79983169	9	1202	TRUE	0.896	-0.08731445775758484	FALSE	1053	14	0.011803309426709792
ENSG00000141759	chr18:79982669-79983169	912	85029	TRUE	6.283232639145332e-10	-0.4617031238729614	TRUE	1053	15	2.5992968640135
ENSG00000101546	chr18:79982669-79983169	384	32338	TRUE	3.087795059361371e-4	-0.39142952276030774	TRUE	1053	15	0.3974874607415741
ENSG00000101544	chr18:79982669-79983169	131	11428	TRUE	0.011382778163112242	-0.4227764777294105	TRUE	1053	15	0.12104251628931702
ENSG00000122490	chr18:79982669-79983169	90	7719	TRUE	0.017173013311465368	-0.5896423477367891	TRUE	1053	15	0.08160127501992219
ENSG00000267655	chr18:79982669-79983169	9	386	TRUE	0.084	-2.3150634591067405	FALSE	1053	15	0.0038719354989921718
ENSG00000261126	chr18:79982669-79983169	7	558	TRUE	0.172	-0.894999047557639	FALSE	1053	15	0.005475085548211691
ENSG00000279474	chr18:79982669-79983169	8	483	TRUE	0.252	-1.387302810137541	FALSE	1053	15	0.004687573243331927
ENSG00000131196	chr18:79982669-79983169	49	4693	TRUE	0.268	-0.4063731589344597	FALSE	1053	15	0.048010125158205595
ENSG00000060069	chr18:79982669-79983169	36	3663	TRUE	0.348	-0.49317823973187735	FALSE	1053	15	0.0371162049407022
ENSG00000178184	chr18:79982669-79983169	27	2484	TRUE	0.472	-0.36442266537174284	FALSE	1053	15	0.02501289082641916
ENSG00000279077	chr18:79982669-79983169	8	545	TRUE	0.5	0.5605178536520894	FALSE	1053	15	0.0054000843763183795
ENSG00000267127	chr18:79982669-79983169	9	1202	TRUE	0.656	-0.32832255726137927	FALSE	1053	15	0.011803309426709792
ENSG00000274828	chr18:79982669-79983169	19	2945	TRUE	0.964	0.07088256971654872	FALSE	1053	15	0.02965358833731777
ENSG00000278000	chr18:79982669-79983169	11	1079	TRUE	0.968	0.1442303192877148	FALSE	1053	15	0.01084704448507008
ENSG00000166377	chr18:79982669-79983169	26	2208	TRUE	0.992	-0.0361315415068848	FALSE	1053	15	0.02225659775933999
ENSG00000141759	chr18:79982669-79983169	912	85029	TRUE	5.001271463354984e-10	-0.4642154362899713	TRUE	1053	16	2.5992968640135
ENSG00000166377	chr18:79982669-79983169	26	2208	TRUE	0.008185274716644986	-1.1616624235907436	TRUE	1053	16	0.02225659775933999
ENSG00000131196	chr18:79982669-79983169	49	4693	TRUE	0.024	-0.7033548966915912	FALSE	1053	16	0.048010125158205595
ENSG00000274828	chr18:79982669-79983169	19	2945	TRUE	0.056	-0.6071893353960887	FALSE	1053	16	0.02965358833731777
ENSG00000278000	chr18:79982669-79983169	11	1079	TRUE	0.064	-0.8557696807122852	FALSE	1053	16	0.01084704448507008
ENSG00000060069	chr18:79982669-79983169	36	3663	TRUE	0.116	-0.5862876441233587	FALSE	1053	16	0.0371162049407022
ENSG00000101544	chr18:79982669-79983169	131	11428	TRUE	0.14	-0.2497117687565309	FALSE	1053	16	0.12104251628931702
ENSG00000101546	chr18:79982669-79983169	384	32338	TRUE	0.152	-0.22009495106332388	FALSE	1053	16	0.3974874607415741
ENSG00000279077	chr18:79982669-79983169	8	545	TRUE	0.208	-1.6094071477902228	FALSE	1053	16	0.0054000843763183795
ENSG00000178184	chr18:79982669-79983169	27	2484	TRUE	0.252	-0.43153686123027946	FALSE	1053	16	0.02501289082641916
ENSG00000261126	chr18:79982669-79983169	7	558	TRUE	0.344	-0.894999047557639	FALSE	1053	16	0.005475085548211691
ENSG00000267127	chr18:79982669-79983169	9	1202	TRUE	0.612	0.01960074615892715	FALSE	1053	16	0.011803309426709792
ENSG00000122490	chr18:79982669-79983169	90	7719	TRUE	0.9	-0.23697072941831854	FALSE	1053	16	0.08160127501992219
ENSG00000267655	chr18:79982669-79983169	9	386	TRUE	0.924	-0.3150634591067405	FALSE	1053	16	0.0038719354989921718
ENSG00000279474	chr18:79982669-79983169	8	483	TRUE	0.956	-0.06537471525017846	FALSE	1053	16	0.004687573243331927
ENSG00000141759	chr18:79982669-79983169	912	85029	TRUE	4e-4	-0.499855061738544	TRUE	1053	17	2.5992968640135
ENSG00000122490	chr18:79982669-79983169	90	7719	TRUE	0.0013080396592910978	-0.7791201466005022	TRUE	1053	17	0.08160127501992219
ENSG00000101544	chr18:79982669-79983169	131	11428	TRUE	0.023376072858443953	-0.4369903369491115	FALSE	1053	17	0.12104251628931702
ENSG00000101546	chr18:79982669-79983169	384	32338	TRUE	0.032	-0.2620256315292424	FALSE	1053	17	0.3974874607415741
ENSG00000166377	chr18:79982669-79983169	26	2208	TRUE	0.056	-0.7142034466195222	FALSE	1053	17	0.02225659775933999
ENSG00000267127	chr18:79982669-79983169	9	1202	TRUE	0.16	-0.9803992538410728	FALSE	1053	17	0.011803309426709792
ENSG00000131196	chr18:79982669-79983169	49	4693	TRUE	0.188	-0.5847104001929724	FALSE	1053	17	0.048010125158205595
ENSG00000274828	chr18:79982669-79983169	19	2945	TRUE	0.248	-0.3441549295622952	FALSE	1053	17	0.02965358833731777
ENSG00000060069	chr18:79982669-79983169	36	3663	TRUE	0.332	-0.44878412037342397	FALSE	1053	17	0.0371162049407022
ENSG00000279474	chr18:79982669-79983169	8	483	TRUE	0.412	-0.802340309416385	FALSE	1053	17	0.004687573243331927
ENSG00000279077	chr18:79982669-79983169	8	545	TRUE	0.464	-1.0244446470690667	FALSE	1053	17	0.0054000843763183795
ENSG00000278000	chr18:79982669-79983169	11	1079	TRUE	0.568	-0.27080717999112913	FALSE	1053	17	0.01084704448507008
ENSG00000178184	chr18:79982669-79983169	27	2484	TRUE	0.644	0.034126711118531716	FALSE	1053	17	0.02501289082641916
ENSG00000267655	chr18:79982669-79983169	9	386	TRUE	0.688	0.00686463578062213	FALSE	1053	17	0.0038719354989921718
ENSG00000261126	chr18:79982669-79983169	7	558	TRUE	0.94	-0.1580334533914325	FALSE	1053	17	0.005475085548211691
ENSG00000141759	chr18:79982669-79983169	912	85029	TRUE	4.7907177228152864e-11	-0.483198539657544	TRUE	1053	18	2.5992968640135
ENSG00000274828	chr18:79982669-79983169	19	2945	TRUE	0.032	-0.6071893353960887	FALSE	1053	18	0.02965358833731777
ENSG00000122490	chr18:79982669-79983169	90	7719	TRUE	0.06	-0.524547319514904	FALSE	1053	18	0.08160127501992219
ENSG00000131196	chr18:79982669-79983169	49	4693	TRUE	0.072	-0.5847104001929724	FALSE	1053	18	0.048010125158205595
ENSG00000101546	chr18:79982669-79983169	384	32338	TRUE	0.096	-0.22009495106332388	FALSE	1053	18	0.3974874607415741
ENSG00000261126	chr18:79982669-79983169	7	558	TRUE	0.112	-1.4799615482787951	FALSE	1053	18	0.005475085548211691
ENSG00000267655	chr18:79982669-79983169	9	386	TRUE	0.12	0.6849365408932595	FALSE	1053	18	0.0038719354989921718
ENSG00000101544	chr18:79982669-79983169	131	11428	TRUE	0.132	-0.3537348332997592	FALSE	1053	18	0.12104251628931702
ENSG00000279474	chr18:79982669-79983169	8	483	TRUE	0.144	0.7826221913047711	FALSE	1053	18	0.004687573243331927
ENSG00000060069	chr18:79982669-79983169	36	3663	TRUE	0.308	-0.44878412037342397	FALSE	1053	18	0.0371162049407022
ENSG00000279077	chr18:79982669-79983169	8	545	TRUE	0.368	-1.0244446470690667	FALSE	1053	18	0.0054000843763183795
ENSG00000178184	chr18:79982669-79983169	27	2484	TRUE	0.388	-0.43153686123027946	FALSE	1053	18	0.02501289082641916
ENSG00000267127	chr18:79982669-79983169	9	1202	TRUE	0.564	0.01960074615892715	FALSE	1053	18	0.011803309426709792
ENSG00000278000	chr18:79982669-79983169	11	1079	TRUE	0.952	-0.11880408654607866	FALSE	1053	18	0.01084704448507008
ENSG00000166377	chr18:79982669-79983169	26	2208	TRUE	0.96	-0.16166242359074356	FALSE	1053	18	0.02225659775933999
ENSG00000141759	chr18:79982669-79983169	912	85029	TRUE	4e-4	-0.4008779311769177	TRUE	1053	19	2.5992968640135
ENSG00000122490	chr18:79982669-79983169	90	7719	TRUE	4.118510463101315e-4	-0.8840897062020447	TRUE	1053	19	0.08160127501992219
ENSG00000101544	chr18:79982669-79983169	131	11428	TRUE	0.0013775160218770302	-0.5716398636438931	TRUE	1053	19	0.12104251628931702
ENSG00000101546	chr18:79982669-79983169	384	32338	TRUE	0.013757812272203157	-0.29726281158578405	TRUE	1053	19	0.3974874607415741
ENSG00000279077	chr18:79982669-79983169	8	545	TRUE	0.048	-2.6094071477902228	FALSE	1053	19	0.0054000843763183795
ENSG00000060069	chr18:79982669-79983169	36	3663	TRUE	0.064	0.1506779500428479	FALSE	1053	19	0.0371162049407022
ENSG00000274828	chr18:79982669-79983169	19	2945	TRUE	0.084	-0.5368000075046906	FALSE	1053	19	0.02965358833731777
ENSG00000267655	chr18:79982669-79983169	9	386	TRUE	0.216	0.2698990416144156	FALSE	1053	19	0.0038719354989921718
ENSG00000278000	chr18:79982669-79983169	11	1079	TRUE	0.232	-0.6333772593758376	FALSE	1053	19	0.01084704448507008
ENSG00000131196	chr18:79982669-79983169	49	4693	TRUE	0.244	0.09809942392632909	FALSE	1053	19	0.048010125158205595
ENSG00000166377	chr18:79982669-79983169	26	2208	TRUE	0.26	-0.6210940422280409	FALSE	1053	19	0.02225659775933999
ENSG00000267127	chr18:79982669-79983169	9	1202	TRUE	0.284	0.21224582410132342	FALSE	1053	19	0.011803309426709792
ENSG00000261126	chr18:79982669-79983169	7	558	TRUE	0.488	-0.4799615482787951	FALSE	1053	19	0.005475085548211691
ENSG00000178184	chr18:79982669-79983169	27	2484	TRUE	0.936	-0.12341456586794841	FALSE	1053	19	0.02501289082641916
ENSG00000279474	chr18:79982669-79983169	8	483	TRUE	1	-0.06537471525017846	FALSE	1053	19	0.004687573243331927
ENSG00000141759	chr18:79982669-79983169	912	85029	TRUE	7.91271860241307e-9	-0.44299895038027515	TRUE	1053	20	2.5992968640135
ENSG00000101546	chr18:79982669-79983169	384	32338	TRUE	1.462143799276362e-5	-0.45632929755340257	TRUE	1053	20	0.3974874607415741
ENSG00000278000	chr18:79982669-79983169	11	1079	TRUE	0.028	-1.4407321814334413	FALSE	1053	20	0.01084704448507008
ENSG00000131196	chr18:79982669-79983169	49	4693	TRUE	0.136	-0.5472356947743089	FALSE	1053	20	0.048010125158205595
ENSG00000267127	chr18:79982669-79983169	9	1202	TRUE	0.14	0.3821708255436356	FALSE	1053	20	0.011803309426709792
ENSG00000060069	chr18:79982669-79983169	36	3663	TRUE	0.188	-0.5862876441233587	FALSE	1053	20	0.0371162049407022
ENSG00000122490	chr18:79982669-79983169	90	7719	TRUE	0.208	-0.3831914702693626	FALSE	1053	20	0.08160127501992219
ENSG00000178184	chr18:79982669-79983169	27	2484	TRUE	0.316	-0.5019261891216775	FALSE	1053	20	0.02501289082641916
ENSG00000101544	chr18:79982669-79983169	131	11428	TRUE	0.412	-0.18831122409238743	FALSE	1053	20	0.12104251628931702
ENSG00000261126	chr18:79982669-79983169	7	558	TRUE	0.436	-0.4799615482787951	FALSE	1053	20	0.005475085548211691
ENSG00000279474	chr18:79982669-79983169	8	483	TRUE	0.44	-1.387302810137541	FALSE	1053	20	0.004687573243331927
ENSG00000274828	chr18:79982669-79983169	19	2945	TRUE	0.464	-0.22867771214235955	FALSE	1053	20	0.02965358833731777
ENSG00000267655	chr18:79982669-79983169	9	386	TRUE	0.98	-0.3150634591067405	FALSE	1053	20	0.0038719354989921718
ENSG00000279077	chr18:79982669-79983169	8	545	TRUE	0.98	-0.024444647069066683	FALSE	1053	20	0.0054000843763183795
ENSG00000166377	chr18:79982669-79983169	26	2208	TRUE	0.984	-0.09753208617102782	FALSE	1053	20	0.02225659775933999
ENSG00000101546	chr18:79982669-79983169	384	32338	TRUE	3.141612701498646e-5	-0.4213531593104278	TRUE	1053	21	0.3974874607415741
ENSG00000141759	chr18:79982669-79983169	912	85029	TRUE	4e-4	-0.5684735200832887	TRUE	1053	21	2.5992968640135
ENSG00000261126	chr18:79982669-79983169	7	558	TRUE	0.021297773517122143	-2.479961548278795	FALSE	1053	21	0.005475085548211691
ENSG00000131196	chr18:79982669-79983169	49	4693	TRUE	0.1	-0.5472356947743089	FALSE	1053	21	0.048010125158205595
ENSG00000278000	chr18:79982669-79983169	11	1079	TRUE	0.124	-0.8557696807122852	FALSE	1053	21	0.01084704448507008
ENSG00000267655	chr18:79982669-79983169	9	386	TRUE	0.252	-1.3150634591067405	FALSE	1053	21	0.0038719354989921718
ENSG00000122490	chr18:79982669-79983169	90	7719	TRUE	0.468	-0.07285134965721207	FALSE	1053	21	0.08160127501992219
ENSG00000060069	chr18:79982669-79983169	36	3663	TRUE	0.488	-0.363895222786911	FALSE	1053	21	0.0371162049407022
ENSG00000178184	chr18:79982669-79983169	27	2484	TRUE	0.52	-0.3002923279520271	FALSE	1053	21	0.02501289082641916
ENSG00000279077	chr18:79982669-79983169	8	545	TRUE	0.588	-0.6094071477902228	FALSE	1053	21	0.0054000843763183795
ENSG00000166377	chr18:79982669-79983169	26	2208	TRUE	0.68	-0.29916594734067825	FALSE	1053	21	0.02225659775933999
ENSG00000101544	chr18:79982669-79983169	131	11428	TRUE	0.732	-0.1763385824263115	FALSE	1053	21	0.12104251628931702
ENSG00000279474	chr18:79982669-79983169	8	483	TRUE	0.844	-0.3873028101375411	FALSE	1053	21	0.004687573243331927
ENSG00000274828	chr18:79982669-79983169	19	2945	TRUE	0.884	0.07088256971654872	FALSE	1053	21	0.02965358833731777
ENSG00000267127	chr18:79982669-79983169	9	1202	TRUE	1	-0.2027916751775205	FALSE	1053	21	0.011803309426709792
ENSG00000141759	chr18:79982669-79983169	912	85029	TRUE	3.5929179487334346e-12	-0.5102016415641515	TRUE	1053	22	2.5992968640135
ENSG00000274828	chr18:79982669-79983169	19	2945	TRUE	0.0011383949858665768	-1.0222268346749326	TRUE	1053	22	0.02965358833731777
ENSG00000101544	chr18:79982669-79983169	131	11428	TRUE	0.0012673752836487445	-0.5406129680232685	TRUE	1053	22	0.12104251628931702
ENSG00000101546	chr18:79982669-79983169	384	32338	TRUE	0.009512737087115433	-0.2814954957274671	TRUE	1053	22	0.3974874607415741
ENSG00000060069	chr18:79982669-79983169	36	3663	TRUE	0.076	-0.6858233176742736	FALSE	1053	22	0.0371162049407022
ENSG00000278000	chr18:79982669-79983169	11	1079	TRUE	0.236	-0.6333772593758376	FALSE	1053	22	0.01084704448507008
ENSG00000131196	chr18:79982669-79983169	49	4693	TRUE	0.252	-0.4403204908577969	FALSE	1053	22	0.048010125158205595
ENSG00000178184	chr18:79982669-79983169	27	2484	TRUE	0.324	-0.36442266537174284	FALSE	1053	22	0.02501289082641916
ENSG00000279474	chr18:79982669-79983169	8	483	TRUE	0.48	0.197659690583615	FALSE	1053	22	0.004687573243331927
ENSG00000166377	chr18:79982669-79983169	26	2208	TRUE	0.484	-0.37316652878445566	FALSE	1053	22	0.02225659775933999
ENSG00000267655	chr18:79982669-79983169	9	386	TRUE	0.584	-0.7301009583855844	FALSE	1053	22	0.0038719354989921718
ENSG00000279077	chr18:79982669-79983169	8	545	TRUE	0.616	0.19794777426738097	FALSE	1053	22	0.0054000843763183795
ENSG00000261126	chr18:79982669-79983169	7	558	TRUE	0.928	-0.1580334533914325	FALSE	1053	22	0.005475085548211691
ENSG00000267127	chr18:79982669-79983169	9	1202	TRUE	0.98	-0.08731445775758484	FALSE	1053	22	0.011803309426709792
ENSG00000122490	chr18:79982669-79983169	90	7719	TRUE	0.992	-0.20261922462754178	FALSE	1053	22	0.08160127501992219
ENSG00000141759	chr18:79982669-79983169	912	85029	TRUE	1.7731856849441217e-15	-0.5470104364974677	TRUE	1053	23	2.5992968640135
ENSG00000279077	chr18:79982669-79983169	8	545	TRUE	0.03	0.9755553529309333	FALSE	1053	23	0.0054000843763183795
ENSG00000267127	chr18:79982669-79983169	9	1202	TRUE	0.044	-1.2027916751775205	FALSE	1053	23	0.011803309426709792
ENSG00000101544	chr18:79982669-79983169	131	11428	TRUE	0.052	-0.36728136513770693	FALSE	1053	23	0.12104251628931702
ENSG00000101546	chr18:79982669-79983169	384	32338	TRUE	0.108	-0.20143110679828813	FALSE	1053	23	0.3974874607415741
ENSG00000274828	chr18:79982669-79983169	19	2945	TRUE	0.108	-0.3441549295622952	FALSE	1053	23	0.02965358833731777
ENSG00000261126	chr18:79982669-79983169	7	558	TRUE	0.188	0.689963453163517	FALSE	1053	23	0.005475085548211691
ENSG00000267655	chr18:79982669-79983169	9	386	TRUE	0.208	-1.3150634591067405	FALSE	1053	23	0.0038719354989921718
ENSG00000178184	chr18:79982669-79983169	27	2484	TRUE	0.344	-0.43153686123027946	FALSE	1053	23	0.02501289082641916
ENSG00000122490	chr18:79982669-79983169	90	7719	TRUE	0.372	-0.32660794190299525	FALSE	1053	23	0.08160127501992219
ENSG00000131196	chr18:79982669-79983169	49	4693	TRUE	0.44	-0.3732062949992603	FALSE	1053	23	0.048010125158205595
ENSG00000278000	chr18:79982669-79983169	11	1079	TRUE	0.468	-0.27080717999112913	FALSE	1053	23	0.01084704448507008
ENSG00000166377	chr18:79982669-79983169	26	2208	TRUE	0.588	-0.22877661944928018	FALSE	1053	23	0.02225659775933999
ENSG00000279474	chr18:79982669-79983169	8	483	TRUE	0.788	-0.3873028101375411	FALSE	1053	23	0.004687573243331927
ENSG00000060069	chr18:79982669-79983169	36	3663	TRUE	0.928	-0.24525072628829214	FALSE	1053	23	0.0371162049407022
ENSG00000141759	chr18:79982669-79983169	912	85029	TRUE	4e-4	-0.4239227303419377	TRUE	1053	24	2.5992968640135
ENSG00000101546	chr18:79982669-79983169	384	32338	TRUE	4.7936094232283247e-4	-0.34562583314718287	TRUE	1053	24	0.3974874607415741
ENSG00000101544	chr18:79982669-79983169	131	11428	TRUE	0.01544966414417158	-0.4369903369491115	TRUE	1053	24	0.12104251628931702
ENSG00000122490	chr18:79982669-79983169	90	7719	TRUE	0.044	-0.6120101607652435	FALSE	1053	24	0.08160127501992219
ENSG00000131196	chr18:79982669-79983169	49	4693	TRUE	0.052	-0.6627129121942454	FALSE	1053	24	0.048010125158205595
ENSG00000274828	chr18:79982669-79983169	19	2945	TRUE	0.056	-0.6071893353960887	FALSE	1053	24	0.02965358833731777
ENSG00000279474	chr18:79982669-79983169	8	483	TRUE	0.108	-2.387302810137541	FALSE	1053	24	0.004687573243331927
ENSG00000267655	chr18:79982669-79983169	9	386	TRUE	0.156	0.49229146295086323	FALSE	1053	24	0.0038719354989921718
ENSG00000261126	chr18:79982669-79983169	7	558	TRUE	0.34	-0.894999047557639	FALSE	1053	24	0.005475085548211691
ENSG00000278000	chr18:79982669-79983169	11	1079	TRUE	0.496	-0.27080717999112913	FALSE	1053	24	0.01084704448507008
ENSG00000166377	chr18:79982669-79983169	26	2208	TRUE	0.5	-0.29916594734067825	FALSE	1053	24	0.02225659775933999
ENSG00000060069	chr18:79982669-79983169	36	3663	TRUE	0.908	-0.24525072628829214	FALSE	1053	24	0.0371162049407022
ENSG00000178184	chr18:79982669-79983169	27	2484	TRUE	0.924	-0.12341456586794841	FALSE	1053	24	0.02501289082641916
ENSG00000267127	chr18:79982669-79983169	9	1202	TRUE	0.94	-0.2027916751775205	FALSE	1053	24	0.011803309426709792
ENSG00000279077	chr18:79982669-79983169	8	545	TRUE	1	-0.28747905290286013	FALSE	1053	24	0.0054000843763183795
ENSG00000141759	chr18:79982669-79983169	912	85029	TRUE	8.8165120892004e-10	-0.4774773356988935	TRUE	1053	25	2.5992968640135
ENSG00000101546	chr18:79982669-79983169	384	32338	TRUE	0.028	-0.2504686001068426	FALSE	1053	25	0.3974874607415741
ENSG00000122490	chr18:79982669-79983169	90	7719	TRUE	0.068	-0.545920970307471	FALSE	1053	25	0.08160127501992219
ENSG00000279077	chr18:79982669-79983169	8	545	TRUE	0.076	-2.6094071477902228	FALSE	1053	25	0.0054000843763183795
ENSG00000267655	chr18:79982669-79983169	9	386	TRUE	0.084	0.6849365408932595	FALSE	1053	25	0.0038719354989921718
ENSG00000131196	chr18:79982669-79983169	49	4693	TRUE	0.148	-0.5472356947743089	FALSE	1053	25	0.048010125158205595
ENSG00000166377	chr18:79982669-79983169	26	2208	TRUE	0.332	-0.37316652878445566	FALSE	1053	25	0.02225659775933999
ENSG00000178184	chr18:79982669-79983169	27	2484	TRUE	0.336	-0.43153686123027946	FALSE	1053	25	0.02501289082641916
ENSG00000279474	chr18:79982669-79983169	8	483	TRUE	0.356	-1.387302810137541	FALSE	1053	25	0.004687573243331927
ENSG00000060069	chr18:79982669-79983169	36	3663	TRUE	0.54	-0.363895222786911	FALSE	1053	25	0.0371162049407022
ENSG00000261126	chr18:79982669-79983169	7	558	TRUE	0.544	0.3273933737788086	FALSE	1053	25	0.005475085548211691
ENSG00000101544	chr18:79982669-79983169	131	11428	TRUE	0.64	-0.029112629243133625	FALSE	1053	25	0.12104251628931702
ENSG00000274828	chr18:79982669-79983169	19	2945	TRUE	0.656	-0.17422992811998306	FALSE	1053	25	0.02965358833731777
ENSG00000267127	chr18:79982669-79983169	9	1202	TRUE	0.676	-0.32832255726137927	FALSE	1053	25	0.011803309426709792
ENSG00000278000	chr18:79982669-79983169	11	1079	TRUE	0.812	-0.11880408654607866	FALSE	1053	25	0.01084704448507008
ENSG00000141759	chr18:79982669-79983169	912	85029	TRUE	4e-4	-0.5043725627619537	TRUE	1053	26	2.5992968640135
ENSG00000279474	chr18:79982669-79983169	8	483	TRUE	0.052	-2.387302810137541	FALSE	1053	26	0.004687573243331927
ENSG00000131196	chr18:79982669-79983169	49	4693	TRUE	0.06	-0.6231845480076075	FALSE	1053	26	0.048010125158205595
ENSG00000101544	chr18:79982669-79983169	131	11428	TRUE	0.108	-0.34031431753743746	FALSE	1053	26	0.12104251628931702
ENSG00000101546	chr18:79982669-79983169	384	32338	TRUE	0.148	-0.19772713803486952	FALSE	1053	26	0.3974874607415741
ENSG00000166377	chr18:79982669-79983169	26	2208	TRUE	0.148	-0.6210940422280409	FALSE	1053	26	0.02225659775933999
ENSG00000267655	chr18:79982669-79983169	9	386	TRUE	0.228	-1.3150634591067405	FALSE	1053	26	0.0038719354989921718
ENSG00000178184	chr18:79982669-79983169	27	2484	TRUE	0.276	-0.5019261891216775	FALSE	1053	26	0.02501289082641916
ENSG00000261126	chr18:79982669-79983169	7	558	TRUE	0.308	-0.894999047557639	FALSE	1053	26	0.005475085548211691
ENSG00000267127	chr18:79982669-79983169	9	1202	TRUE	0.376	-0.6178291744563644	FALSE	1053	26	0.011803309426709792
ENSG00000274828	chr18:79982669-79983169	19	2945	TRUE	0.388	-0.28526124050872603	FALSE	1053	26	0.02965358833731777
ENSG00000060069	chr18:79982669-79983169	36	3663	TRUE	0.668	-0.3232532382895652	FALSE	1053	26	0.0371162049407022
ENSG00000278000	chr18:79982669-79983169	11	1079	TRUE	0.868	0.1442303192877148	FALSE	1053	26	0.01084704448507008
ENSG00000279077	chr18:79982669-79983169	8	545	TRUE	0.876	-0.024444647069066683	FALSE	1053	26	0.0054000843763183795
ENSG00000122490	chr18:79982669-79983169	90	7719	TRUE	0.936	-0.1525785421279462	FALSE	1053	26	0.08160127501992219
ENSG00000101544	chr18:79982669-79983169	131	11428	TRUE	2.4152353303452147e-4	-0.6689370649988082	TRUE	1053	27	0.12104251628931702
ENSG00000141759	chr18:79982669-79983169	912	85029	TRUE	4e-4	-0.5834168226562009	TRUE	1053	27	2.5992968640135
ENSG00000131196	chr18:79982669-79983169	49	4693	TRUE	0.00949409870236137	-0.8326379136365576	TRUE	1053	27	0.048010125158205595
ENSG00000274828	chr18:79982669-79983169	19	2945	TRUE	0.048	-0.6811899168398661	FALSE	1053	27	0.02965358833731777
ENSG00000122490	chr18:79982669-79983169	90	7719	TRUE	0.064	-0.524547319514904	FALSE	1053	27	0.08160127501992219
ENSG00000267127	chr18:79982669-79983169	9	1202	TRUE	0.096	-0.9803992538410728	FALSE	1053	27	0.011803309426709792
ENSG00000101546	chr18:79982669-79983169	384	32338	TRUE	0.116	-0.22009495106332388	FALSE	1053	27	0.3974874607415741
ENSG00000278000	chr18:79982669-79983169	11	1079	TRUE	0.26	-0.4407321814334413	FALSE	1053	27	0.01084704448507008
ENSG00000060069	chr18:79982669-79983169	36	3663	TRUE	0.324	-0.49317823973187735	FALSE	1053	27	0.0371162049407022
ENSG00000279077	chr18:79982669-79983169	8	545	TRUE	0.636	-0.024444647069066683	FALSE	1053	27	0.0054000843763183795
ENSG00000178184	chr18:79982669-79983169	27	2484	TRUE	0.652	-0.23889178328788407	FALSE	1053	27	0.02501289082641916
ENSG00000279474	chr18:79982669-79983169	8	483	TRUE	0.72	-0.3873028101375411	FALSE	1053	27	0.004687573243331927
ENSG00000261126	chr18:79982669-79983169	7	558	TRUE	0.86	0.10500095244236096	FALSE	1053	27	0.005475085548211691
ENSG00000267655	chr18:79982669-79983169	9	386	TRUE	0.892	-0.3150634591067405	FALSE	1053	27	0.0038719354989921718
ENSG00000166377	chr18:79982669-79983169	26	2208	TRUE	0.904	-0.0361315415068848	FALSE	1053	27	0.02225659775933999
ENSG00000101546	chr18:79982669-79983169	384	32338	TRUE	5.585284289549104e-6	-0.4741405736698634	TRUE	1053	28	0.3974874607415741
ENSG00000122490	chr18:79982669-79983169	90	7719	TRUE	1.980181450938097e-4	-0.9115704426241518	TRUE	1053	28	0.08160127501992219
ENSG00000141759	chr18:79982669-79983169	912	85029	TRUE	4e-4	-0.5193161712358665	TRUE	1053	28	2.5992968640135
ENSG00000279474	chr18:79982669-79983169	8	483	TRUE	0.076	-2.387302810137541	FALSE	1053	28	0.004687573243331927
ENSG00000166377	chr18:79982669-79983169	26	2208	TRUE	0.08	-0.7142034466195222	FALSE	1053	28	0.02225659775933999
ENSG00000278000	chr18:79982669-79983169	11	1079	TRUE	0.208	-0.6333772593758376	FALSE	1053	28	0.01084704448507008
ENSG00000178184	chr18:79982669-79983169	27	2484	TRUE	0.372	-0.5019261891216775	FALSE	1053	28	0.02501289082641916
ENSG00000101544	chr18:79982669-79983169	131	11428	TRUE	0.412	-0.20038405639296242	FALSE	1053	28	0.12104251628931702
ENSG00000261126	chr18:79982669-79983169	7	558	TRUE	0.428	0.5200384517212049	FALSE	1053	28	0.005475085548211691
ENSG00000131196	chr18:79982669-79983169	49	4693	TRUE	0.612	-0.051278200111897654	FALSE	1053	28	0.048010125158205595
ENSG00000267127	chr18:79982669-79983169	9	1202	TRUE	0.62	-0.46582608101131395	FALSE	1053	28	0.011803309426709792
ENSG00000267655	chr18:79982669-79983169	9	386	TRUE	0.676	-0.7301009583855844	FALSE	1053	28	0.0038719354989921718
ENSG00000060069	chr18:79982669-79983169	36	3663	TRUE	0.9	-0.28372487410292724	FALSE	1053	28	0.0371162049407022
ENSG00000279077	chr18:79982669-79983169	8	545	TRUE	0.92	-0.28747905290286013	FALSE	1053	28	0.0054000843763183795
ENSG00000274828	chr18:79982669-79983169	19	2945	TRUE	0.94	0.02507888010342363	FALSE	1053	28	0.02965358833731777
ENSG00000141759	chr18:79982669-79983169	912	85029	TRUE	1.726239130161025e-16	-0.5570315120345173	TRUE	1053	29	2.5992968640135
ENSG00000101546	chr18:79982669-79983169	384	32338	TRUE	9.522511589257982e-5	-0.4041780155022958	TRUE	1053	29	0.3974874607415741
ENSG00000267127	chr18:79982669-79983169	9	1202	TRUE	0.006979250257423242	-1.7877541758986766	TRUE	1053	29	0.011803309426709792
ENSG00000166377	chr18:79982669-79983169	26	2208	TRUE	0.024	-1.0361315415068848	TRUE	1053	29	0.02225659775933999
ENSG00000131196	chr18:79982669-79983169	49	4693	TRUE	0.076	-0.5472356947743089	FALSE	1053	29	0.048010125158205595
ENSG00000060069	chr18:79982669-79983169	36	3663	TRUE	0.08	-0.7382907375684091	FALSE	1053	29	0.0371162049407022
ENSG00000178184	chr18:79982669-79983169	27	2484	TRUE	0.128	-0.5759267705654549	FALSE	1053	29	0.02501289082641916
ENSG00000122490	chr18:79982669-79983169	90	7719	TRUE	0.228	-0.01209731857811569	FALSE	1053	29	0.08160127501992219
ENSG00000101544	chr18:79982669-79983169	131	11428	TRUE	0.248	-0.28784689764330196	FALSE	1053	29	0.12104251628931702
ENSG00000278000	chr18:79982669-79983169	11	1079	TRUE	0.516	0.25970753670765045	FALSE	1053	29	0.01084704448507008
ENSG00000261126	chr18:79982669-79983169	7	558	TRUE	0.568	-0.1580334533914325	FALSE	1053	29	0.005475085548211691
ENSG00000279077	chr18:79982669-79983169	8	545	TRUE	0.732	-0.024444647069066683	FALSE	1053	29	0.0054000843763183795
ENSG00000274828	chr18:79982669-79983169	19	2945	TRUE	0.836	0.07088256971654872	FALSE	1053	29	0.02965358833731777
ENSG00000279474	chr18:79982669-79983169	8	483	TRUE	0.96	-0.06537471525017846	FALSE	1053	29	0.004687573243331927
ENSG00000267655	chr18:79982669-79983169	9	386	TRUE	0.972	-0.3150634591067405	FALSE	1053	29	0.0038719354989921718
ENSG00000141759	chr18:79982669-79983169	912	85029	TRUE	4.757999082899265e-8	-0.42331154836249896	TRUE	1053	30	2.5992968640135
ENSG00000101546	chr18:79982669-79983169	384	32338	TRUE	0.001524263947451721	-0.3538463399521512	TRUE	1053	30	0.3974874607415741
ENSG00000274828	chr18:79982669-79983169	19	2945	TRUE	0.032	-0.6071893353960887	FALSE	1053	30	0.02965358833731777
ENSG00000122490	chr18:79982669-79983169	90	7719	TRUE	0.08	-0.4827271438202767	FALSE	1053	30	0.08160127501992219
ENSG00000060069	chr18:79982669-79983169	36	3663	TRUE	0.136	-0.5862876441233587	FALSE	1053	30	0.0371162049407022
ENSG00000166377	chr18:79982669-79983169	26	2208	TRUE	0.144	0.33310226815883404	FALSE	1053	30	0.02225659775933999
ENSG00000101544	chr18:79982669-79983169	131	11428	TRUE	0.184	-0.30078595335079994	FALSE	1053	30	0.12104251628931702
ENSG00000279474	chr18:79982669-79983169	8	483	TRUE	0.252	0.6126971898624589	FALSE	1053	30	0.004687573243331927
ENSG00000178184	chr18:79982669-79983169	27	2484	TRUE	0.38	-0.36442266537174284	FALSE	1053	30	0.02501289082641916
ENSG00000267655	chr18:79982669-79983169	9	386	TRUE	0.424	-1.3150634591067405	FALSE	1053	30	0.0038719354989921718
ENSG00000278000	chr18:79982669-79983169	11	1079	TRUE	0.444	-0.4407321814334413	FALSE	1053	30	0.01084704448507008
ENSG00000267127	chr18:79982669-79983169	9	1202	TRUE	0.516	0.11913641970984212	FALSE	1053	30	0.011803309426709792
ENSG00000261126	chr18:79982669-79983169	7	558	TRUE	0.54	-0.4799615482787951	FALSE	1053	30	0.005475085548211691
ENSG00000131196	chr18:79982669-79983169	49	4693	TRUE	0.6	-0.27804906195892	FALSE	1053	30	0.048010125158205595
ENSG00000279077	chr18:79982669-79983169	8	545	TRUE	0.924	-0.024444647069066683	FALSE	1053	30	0.0054000843763183795
ENSG00000141759	chr18:79982669-79983169	912	85029	TRUE	4.2292632874743586e-11	-0.4717787303664398	TRUE	1053	31	2.5992968640135
ENSG00000060069	chr18:79982669-79983169	36	3663	TRUE	8.907059183302646e-4	-1.1712501448445147	TRUE	1053	31	0.0371162049407022
ENSG00000267655	chr18:79982669-79983169	9	386	TRUE	0.096	-2.3150634591067405	FALSE	1053	31	0.0038719354989921718
ENSG00000101546	chr18:79982669-79983169	384	32338	TRUE	0.132	-0.23900341361338828	FALSE	1053	31	0.3974874607415741
ENSG00000166377	chr18:79982669-79983169	26	2208	TRUE	0.152	-0.5336312009777009	FALSE	1053	31	0.02225659775933999
ENSG00000279474	chr18:79982669-79983169	8	483	TRUE	0.284	-1.387302810137541	FALSE	1053	31	0.004687573243331927
ENSG00000122490	chr18:79982669-79983169	90	7719	TRUE	0.368	-0.32660794190299525	FALSE	1053	31	0.08160127501992219
ENSG00000267127	chr18:79982669-79983169	9	1202	TRUE	0.6	-0.32832255726137927	FALSE	1053	31	0.011803309426709792
ENSG00000261126	chr18:79982669-79983169	7	558	TRUE	0.604	-0.4799615482787951	FALSE	1053	31	0.005475085548211691
ENSG00000178184	chr18:79982669-79983169	27	2484	TRUE	0.608	-0.1799980942343149	FALSE	1053	31	0.02501289082641916
ENSG00000279077	chr18:79982669-79983169	8	545	TRUE	0.608	0.39059285220977724	FALSE	1053	31	0.0054000843763183795
ENSG00000101544	chr18:79982669-79983169	131	11428	TRUE	0.648	-0.061778818163455984	FALSE	1053	31	0.12104251628931702
ENSG00000131196	chr18:79982669-79983169	49	4693	TRUE	0.792	-0.27804906195892	FALSE	1053	31	0.048010125158205595
ENSG00000274828	chr18:79982669-79983169	19	2945	TRUE	0.828	0.1152766890750021	FALSE	1053	31	0.02965358833731777
ENSG00000278000	chr18:79982669-79983169	11	1079	TRUE	0.904	0.01869943720385603	FALSE	1053	31	0.01084704448507008
ENSG00000141759	chr18:79982669-79983169	912	85029	TRUE	4.92055041473747e-7	-0.4135676866487066	TRUE	1053	32	2.5992968640135
ENSG00000060069	chr18:79982669-79983169	36	3663	TRUE	0.092	-0.6351972446043055	FALSE	1053	32	0.0371162049407022
ENSG00000267127	chr18:79982669-79983169	9	1202	TRUE	0.096	-0.9803992538410728	FALSE	1053	32	0.011803309426709792
ENSG00000131196	chr18:79982669-79983169	49	4693	TRUE	0.128	-0.5472356947743089	FALSE	1053	32	0.048010125158205595
ENSG00000267655	chr18:79982669-79983169	9	386	TRUE	0.156	-2.3150634591067405	FALSE	1053	32	0.0038719354989921718
ENSG00000101546	chr18:79982669-79983169	384	32338	TRUE	0.244	-0.01389456322946181	FALSE	1053	32	0.3974874607415741
ENSG00000101544	chr18:79982669-79983169	131	11428	TRUE	0.316	0.04434953269788755	FALSE	1053	32	0.12104251628931702
ENSG00000278000	chr18:79982669-79983169	11	1079	TRUE	0.356	0.4661584141750774	FALSE	1053	32	0.01084704448507008
ENSG00000279474	chr18:79982669-79983169	8	483	TRUE	0.428	0.197659690583615	FALSE	1053	32	0.004687573243331927
ENSG00000166377	chr18:79982669-79983169	26	2208	TRUE	0.436	-0.37316652878445566	FALSE	1053	32	0.02225659775933999
ENSG00000178184	chr18:79982669-79983169	27	2484	TRUE	0.464	-0.3002923279520271	FALSE	1053	32	0.02501289082641916
ENSG00000122490	chr18:79982669-79983169	90	7719	TRUE	0.48	-0.0574213090876059	FALSE	1053	32	0.08160127501992219
ENSG00000261126	chr18:79982669-79983169	7	558	TRUE	0.488	0.3273933737788086	FALSE	1053	32	0.005475085548211691
ENSG00000279077	chr18:79982669-79983169	8	545	TRUE	0.54	-0.6094071477902228	FALSE	1053	32	0.0054000843763183795
ENSG00000274828	chr18:79982669-79983169	19	2945	TRUE	0.98	0.02507888010342363	FALSE	1053	32	0.02965358833731777
ENSG00000141759	chr18:79982669-79983169	912	85029	TRUE	4e-4	-0.49086227635571356	TRUE	1053	33	2.5992968640135
ENSG00000060069	chr18:79982669-79983169	36	3663	TRUE	0.064	-0.6858233176742736	FALSE	1053	33	0.0371162049407022
ENSG00000274828	chr18:79982669-79983169	19	2945	TRUE	0.088	-0.5368000075046906	FALSE	1053	33	0.02965358833731777
ENSG00000122490	chr18:79982669-79983169	90	7719	TRUE	0.12	-0.4622630412605613	FALSE	1053	33	0.08160127501992219
ENSG00000101544	chr18:79982669-79983169	131	11428	TRUE	0.132	-0.23722082457333382	FALSE	1053	33	0.12104251628931702
ENSG00000131196	chr18:79982669-79983169	49	4693	TRUE	0.196	-0.4750859090184738	FALSE	1053	33	0.048010125158205595
ENSG00000279077	chr18:79982669-79983169	8	545	TRUE	0.212	-1.6094071477902228	FALSE	1053	33	0.0054000843763183795
ENSG00000178184	chr18:79982669-79983169	27	2484	TRUE	0.36	-0.43153686123027946	FALSE	1053	33	0.02501289082641916
ENSG00000166377	chr18:79982669-79983169	26	2208	TRUE	0.392	0.13379345993542735	FALSE	1053	33	0.02225659775933999
ENSG00000261126	chr18:79982669-79983169	7	558	TRUE	0.404	0.5200384517212049	FALSE	1053	33	0.005475085548211691
ENSG00000267655	chr18:79982669-79983169	9	386	TRUE	0.448	-0.7301009583855844	FALSE	1053	33	0.0038719354989921718
ENSG00000279474	chr18:79982669-79983169	8	483	TRUE	0.524	0.42005211192006264	FALSE	1053	33	0.004687573243331927
ENSG00000101546	chr18:79982669-79983169	384	32338	TRUE	0.548	-0.1361724675182332	FALSE	1053	33	0.3974874607415741
ENSG00000278000	chr18:79982669-79983169	11	1079	TRUE	0.684	-0.11880408654607866	FALSE	1053	33	0.01084704448507008
ENSG00000267127	chr18:79982669-79983169	9	1202	TRUE	0.74	0.01960074615892715	FALSE	1053	33	0.011803309426709792
ENSG00000141759	chr18:79982669-79983169	912	85029	TRUE	2.597228110484476e-4	-0.35644735020120355	TRUE	1053	34	2.5992968640135
ENSG00000101544	chr18:79982669-79983169	131	11428	TRUE	0.0011213092621742589	-0.5560430085928747	TRUE	1053	34	0.12104251628931702
ENSG00000101546	chr18:79982669-79983169	384	32338	TRUE	0.0019179425157950236	-0.34562583314718287	TRUE	1053	34	0.3974874607415741
ENSG00000274828	chr18:79982669-79983169	19	2945	TRUE	0.008347514232878273	-0.8416545890331113	TRUE	1053	34	0.02965358833731777
ENSG00000178184	chr18:79982669-79983169	27	2484	TRUE	0.012245809877786923	-1.0164993619514364	TRUE	1053	34	0.02501289082641916
ENSG00000131196	chr18:79982669-79983169	49	4693	TRUE	0.032	-0.6627129121942454	TRUE	1053	34	0.048010125158205595
ENSG00000060069	chr18:79982669-79983169	36	3663	TRUE	0.208	-0.49317823973187735	FALSE	1053	34	0.0371162049407022
ENSG00000279474	chr18:79982669-79983169	8	483	TRUE	0.248	-1.387302810137541	FALSE	1053	34	0.004687573243331927
ENSG00000261126	chr18:79982669-79983169	7	558	TRUE	0.264	-0.894999047557639	FALSE	1053	34	0.005475085548211691
ENSG00000166377	chr18:79982669-79983169	26	2208	TRUE	0.424	-0.37316652878445566	FALSE	1053	34	0.02225659775933999
ENSG00000267655	chr18:79982669-79983169	9	386	TRUE	0.532	0.2698990416144156	FALSE	1053	34	0.0038719354989921718
ENSG00000122490	chr18:79982669-79983169	90	7719	TRUE	0.624	-0.2900820658778813	FALSE	1053	34	0.08160127501992219
ENSG00000267127	chr18:79982669-79983169	9	1202	TRUE	0.688	0.01960074615892715	FALSE	1053	34	0.011803309426709792
ENSG00000279077	chr18:79982669-79983169	8	545	TRUE	0.768	-0.024444647069066683	FALSE	1053	34	0.0054000843763183795
ENSG00000278000	chr18:79982669-79983169	11	1079	TRUE	1	0.01869943720385603	FALSE	1053	34	0.01084704448507008
ENSG00000141759	chr18:79982669-79983169	912	85029	TRUE	2.2655908528007335e-7	-0.41538965494923485	TRUE	1053	35	2.5992968640135
ENSG00000166377	chr18:79982669-79983169	26	2208	TRUE	0.011384820711779459	-1.0361315415068848	TRUE	1053	35	0.02225659775933999
ENSG00000267655	chr18:79982669-79983169	9	386	TRUE	0.019521920087824163	-Inf	TRUE	1053	35	0.0038719354989921718
ENSG00000101546	chr18:79982669-79983169	384	32338	TRUE	0.036	-0.29726281158578405	FALSE	1053	35	0.3974874607415741
ENSG00000101544	chr18:79982669-79983169	131	11428	TRUE	0.056	-0.3270174949239797	FALSE	1053	35	0.12104251628931702
ENSG00000267127	chr18:79982669-79983169	9	1202	TRUE	0.188	-0.7877541758986766	FALSE	1053	35	0.011803309426709792
ENSG00000178184	chr18:79982669-79983169	27	2484	TRUE	0.224	-0.5759267705654549	FALSE	1053	35	0.02501289082641916
ENSG00000274828	chr18:79982669-79983169	19	2945	TRUE	0.34	-0.22867771214235955	FALSE	1053	35	0.02965358833731777
ENSG00000131196	chr18:79982669-79983169	49	4693	TRUE	0.408	-0.3407848173068828	FALSE	1053	35	0.048010125158205595
ENSG00000278000	chr18:79982669-79983169	11	1079	TRUE	0.424	-0.4407321814334413	FALSE	1053	35	0.01084704448507008
ENSG00000279077	chr18:79982669-79983169	8	545	TRUE	0.448	-0.6094071477902228	FALSE	1053	35	0.0054000843763183795
ENSG00000279474	chr18:79982669-79983169	8	483	TRUE	0.628	-0.802340309416385	FALSE	1053	35	0.004687573243331927
ENSG00000122490	chr18:79982669-79983169	90	7719	TRUE	0.64	-0.2900820658778813	FALSE	1053	35	0.08160127501992219
ENSG00000060069	chr18:79982669-79983169	36	3663	TRUE	0.668	-0.10086081695311666	FALSE	1053	35	0.0371162049407022
ENSG00000261126	chr18:79982669-79983169	7	558	TRUE	0.98	0.10500095244236096	FALSE	1053	35	0.005475085548211691
ENSG00000141759	chr18:79982669-79983169	912	85029	TRUE	4e-4	-0.5895748852988392	TRUE	1053	36	2.5992968640135
ENSG00000101546	chr18:79982669-79983169	384	32338	TRUE	0.0017697139759830574	-0.34562583314718287	TRUE	1053	36	0.3974874607415741
ENSG00000279474	chr18:79982669-79983169	8	483	TRUE	0.084	1.197659690583615	FALSE	1053	36	0.004687573243331927
ENSG00000261126	chr18:79982669-79983169	7	558	TRUE	0.124	0.689963453163517	FALSE	1053	36	0.005475085548211691
ENSG00000060069	chr18:79982669-79983169	36	3663	TRUE	0.188	-0.5389819293450024	FALSE	1053	36	0.0371162049407022
ENSG00000274828	chr18:79982669-79983169	19	2945	TRUE	0.272	-0.28526124050872603	FALSE	1053	36	0.02965358833731777
ENSG00000267127	chr18:79982669-79983169	9	1202	TRUE	0.284	-0.6178291744563644	FALSE	1053	36	0.011803309426709792
ENSG00000278000	chr18:79982669-79983169	11	1079	TRUE	0.288	0.4661584141750774	FALSE	1053	36	0.01084704448507008
ENSG00000178184	chr18:79982669-79983169	27	2484	TRUE	0.356	-0.43153686123027946	FALSE	1053	36	0.02501289082641916
ENSG00000101544	chr18:79982669-79983169	131	11428	TRUE	0.384	-0.2248371001175018	FALSE	1053	36	0.12104251628931702
ENSG00000267655	chr18:79982669-79983169	9	386	TRUE	0.62	-0.7301009583855844	FALSE	1053	36	0.0038719354989921718
ENSG00000279077	chr18:79982669-79983169	8	545	TRUE	0.66	-0.6094071477902228	FALSE	1053	36	0.0054000843763183795
ENSG00000122490	chr18:79982669-79983169	90	7719	TRUE	0.724	-0.2544581561471597	FALSE	1053	36	0.08160127501992219
ENSG00000166377	chr18:79982669-79983169	26	2208	TRUE	0.788	-0.09753208617102782	FALSE	1053	36	0.02225659775933999
ENSG00000131196	chr18:79982669-79983169	49	4693	TRUE	0.932	-0.27804906195892	FALSE	1053	36	0.048010125158205595
ENSG00000101546	chr18:79982669-79983169	384	32338	TRUE	3.2002901973242565e-6	-0.46520744889985544	TRUE	1053	37	0.3974874607415741
ENSG00000166377	chr18:79982669-79983169	26	2208	TRUE	2.09732377567301e-4	-1.8137391201704371	TRUE	1053	37	0.02225659775933999
ENSG00000141759	chr18:79982669-79983169	912	85029	TRUE	4e-4	-0.48383563175925914	TRUE	1053	37	2.5992968640135
ENSG00000101544	chr18:79982669-79983169	131	11428	TRUE	0.00914745071271695	-0.4804919755856978	TRUE	1053	37	0.12104251628931702
ENSG00000279077	chr18:79982669-79983169	8	545	TRUE	0.04	-2.6094071477902228	FALSE	1053	37	0.0054000843763183795
ENSG00000122490	chr18:79982669-79983169	90	7719	TRUE	0.044	-0.5896423477367891	FALSE	1053	37	0.08160127501992219
ENSG00000261126	chr18:79982669-79983169	7	558	TRUE	0.128	-1.4799615482787951	FALSE	1053	37	0.005475085548211691
ENSG00000131196	chr18:79982669-79983169	49	4693	TRUE	0.26	-0.4403204908577969	FALSE	1053	37	0.048010125158205595
ENSG00000060069	chr18:79982669-79983169	36	3663	TRUE	0.4	-0.44878412037342397	FALSE	1053	37	0.0371162049407022
ENSG00000267655	chr18:79982669-79983169	9	386	TRUE	0.556	0.00686463578062213	FALSE	1053	37	0.0038719354989921718
ENSG00000274828	chr18:79982669-79983169	19	2945	TRUE	0.596	-0.12176250822584755	FALSE	1053	37	0.02965358833731777
ENSG00000178184	chr18:79982669-79983169	27	2484	TRUE	0.644	-0.23889178328788407	FALSE	1053	37	0.02501289082641916
ENSG00000279474	chr18:79982669-79983169	8	483	TRUE	0.74	0.197659690583615	FALSE	1053	37	0.004687573243331927
ENSG00000267127	chr18:79982669-79983169	9	1202	TRUE	0.816	-0.32832255726137927	FALSE	1053	37	0.011803309426709792
ENSG00000278000	chr18:79982669-79983169	11	1079	TRUE	0.976	0.01869943720385603	FALSE	1053	37	0.01084704448507008
ENSG00000141759	chr18:79982669-79983169	912	85029	TRUE	4e-4	-0.42331154836249896	TRUE	1053	38	2.5992968640135
ENSG00000101544	chr18:79982669-79983169	131	11428	TRUE	0.004153866540677141	-0.5560430085928747	TRUE	1053	38	0.12104251628931702
ENSG00000101546	chr18:79982669-79983169	384	32338	TRUE	0.007628531031001296	-0.29726281158578405	TRUE	1053	38	0.3974874607415741
ENSG00000267655	chr18:79982669-79983169	9	386	TRUE	0.016225208901482713	-Inf	TRUE	1053	38	0.0038719354989921718
ENSG00000279077	chr18:79982669-79983169	8	545	TRUE	0.016817327147157446	-Inf	TRUE	1053	38	0.0054000843763183795
ENSG00000178184	chr18:79982669-79983169	27	2484	TRUE	0.128	0.3054287329359262	FALSE	1053	38	0.02501289082641916
ENSG00000122490	chr18:79982669-79983169	90	7719	TRUE	0.208	-0.3831914702693626	FALSE	1053	38	0.08160127501992219
ENSG00000166377	chr18:79982669-79983169	26	2208	TRUE	0.244	-0.4511690407857287	FALSE	1053	38	0.02225659775933999
ENSG00000278000	chr18:79982669-79983169	11	1079	TRUE	0.424	-0.27080717999112913	FALSE	1053	38	0.01084704448507008
ENSG00000261126	chr18:79982669-79983169	7	558	TRUE	0.512	0.3273933737788086	FALSE	1053	38	0.005475085548211691
ENSG00000060069	chr18:79982669-79983169	36	3663	TRUE	0.56	-0.3232532382895652	FALSE	1053	38	0.0371162049407022
ENSG00000274828	chr18:79982669-79983169	19	2945	TRUE	0.612	0.1583454109668887	FALSE	1053	38	0.02965358833731777
ENSG00000279474	chr18:79982669-79983169	8	483	TRUE	0.844	-0.06537471525017846	FALSE	1053	38	0.004687573243331927
ENSG00000267127	chr18:79982669-79983169	9	1202	TRUE	0.908	-0.32832255726137927	FALSE	1053	38	0.011803309426709792
ENSG00000131196	chr18:79982669-79983169	49	4693	TRUE	0.936	-0.24767541291540152	FALSE	1053	38	0.048010125158205595
ENSG00000101546	chr18:79982669-79983169	384	32338	TRUE	4.901874865376535e-5	-0.4300180204375552	TRUE	1053	39	0.3974874607415741
ENSG00000178184	chr18:79982669-79983169	27	2484	TRUE	3.6628969624035584e-4	-1.653929282566728	TRUE	1053	39	0.02501289082641916
ENSG00000141759	chr18:79982669-79983169	912	85029	TRUE	4e-4	-0.6612676157551479	TRUE	1053	39	2.5992968640135
ENSG00000278000	chr18:79982669-79983169	11	1079	TRUE	0.024	-1.4407321814334413	TRUE	1053	39	0.01084704448507008
ENSG00000261126	chr18:79982669-79983169	7	558	TRUE	0.04	-2.479961548278795	FALSE	1053	39	0.005475085548211691
ENSG00000279474	chr18:79982669-79983169	8	483	TRUE	0.108	-2.387302810137541	FALSE	1053	39	0.004687573243331927
ENSG00000274828	chr18:79982669-79983169	19	2945	TRUE	0.136	-0.40555547422643823	FALSE	1053	39	0.02965358833731777
ENSG00000060069	chr18:79982669-79983169	36	3663	TRUE	0.248	-0.49317823973187735	FALSE	1053	39	0.0371162049407022
ENSG00000267127	chr18:79982669-79983169	9	1202	TRUE	0.308	-0.6178291744563644	FALSE	1053	39	0.011803309426709792
ENSG00000267655	chr18:79982669-79983169	9	386	TRUE	0.408	-0.7301009583855844	FALSE	1053	39	0.0038719354989921718
ENSG00000131196	chr18:79982669-79983169	49	4693	TRUE	0.432	-0.4063731589344597	FALSE	1053	39	0.048010125158205595
ENSG00000279077	chr18:79982669-79983169	8	545	TRUE	0.484	0.39059285220977724	FALSE	1053	39	0.0054000843763183795
ENSG00000166377	chr18:79982669-79983169	26	2208	TRUE	0.54	-0.29916594734067825	FALSE	1053	39	0.02225659775933999
ENSG00000122490	chr18:79982669-79983169	90	7719	TRUE	0.588	-0.2900820658778813	FALSE	1053	39	0.08160127501992219
ENSG00000101544	chr18:79982669-79983169	131	11428	TRUE	0.624	-0.18831122409238743	FALSE	1053	39	0.12104251628931702
ENSG00000101546	chr18:79982669-79983169	384	32338	TRUE	1.421640815239232e-4	-0.40845267060262147	TRUE	1053	40	0.3974874607415741
ENSG00000141759	chr18:79982669-79983169	912	85029	TRUE	4e-4	-0.447963067246659	TRUE	1053	40	2.5992968640135
ENSG00000101544	chr18:79982669-79983169	131	11428	TRUE	0.0024630603390068603	-0.5253462113699583	TRUE	1053	40	0.12104251628931702
ENSG00000166377	chr18:79982669-79983169	26	2208	TRUE	0.009689749564444516	-1.0361315415068848	TRUE	1053	40	0.02225659775933999
ENSG00000274828	chr18:79982669-79983169	19	2945	TRUE	0.025488504965119285	-0.6811899168398661	TRUE	1053	40	0.02965358833731777
ENSG00000131196	chr18:79982669-79983169	49	4693	TRUE	0.068	-0.6627129121942454	FALSE	1053	40	0.048010125158205595
ENSG00000267655	chr18:79982669-79983169	9	386	TRUE	0.112	0.49229146295086323	FALSE	1053	40	0.0038719354989921718
ENSG00000122490	chr18:79982669-79983169	90	7719	TRUE	0.196	-0.42218560188522636	FALSE	1053	40	0.08160127501992219
ENSG00000278000	chr18:79982669-79983169	11	1079	TRUE	0.248	0.5592678185665587	FALSE	1053	40	0.01084704448507008
ENSG00000279077	chr18:79982669-79983169	8	545	TRUE	0.264	0.5605178536520894	FALSE	1053	40	0.0054000843763183795
ENSG00000261126	chr18:79982669-79983169	7	558	TRUE	0.696	-0.1580334533914325	FALSE	1053	40	0.005475085548211691
ENSG00000178184	chr18:79982669-79983169	27	2484	TRUE	0.756	-0.1799980942343149	FALSE	1053	40	0.02501289082641916
ENSG00000267127	chr18:79982669-79983169	9	1202	TRUE	0.816	-0.32832255726137927	FALSE	1053	40	0.011803309426709792
ENSG00000060069	chr18:79982669-79983169	36	3663	TRUE	0.96	-0.17125014484451473	FALSE	1053	40	0.0371162049407022
ENSG00000279474	chr18:79982669-79983169	8	483	TRUE	1	-0.3873028101375411	FALSE	1053	40	0.004687573243331927
ENSG00000101546	chr18:79982669-79983169	384	32338	TRUE	7.601376112779224e-7	-0.5104367028928529	TRUE	1053	41	0.3974874607415741
ENSG00000141759	chr18:79982669-79983169	912	85029	TRUE	4.6299679728198373e-4	-0.3512064744607848	TRUE	1053	41	2.5992968640135
ENSG00000101544	chr18:79982669-79983169	131	11428	TRUE	0.028	-0.4227764777294105	FALSE	1053	41	0.12104251628931702
ENSG00000060069	chr18:79982669-79983169	36	3663	TRUE	0.064	-0.7382907375684091	FALSE	1053	41	0.0371162049407022
ENSG00000122490	chr18:79982669-79983169	90	7719	TRUE	0.072	-0.545920970307471	FALSE	1053	41	0.08160127501992219
ENSG00000166377	chr18:79982669-79983169	26	2208	TRUE	0.164	-0.5336312009777009	FALSE	1053	41	0.02225659775933999
ENSG00000274828	chr18:79982669-79983169	19	2945	TRUE	0.248	0.28033593534549883	FALSE	1053	41	0.02965358833731777
ENSG00000267127	chr18:79982669-79983169	9	1202	TRUE	0.268	-0.6178291744563644	FALSE	1053	41	0.011803309426709792
ENSG00000279474	chr18:79982669-79983169	8	483	TRUE	0.408	-0.802340309416385	FALSE	1053	41	0.004687573243331927
ENSG00000131196	chr18:79982669-79983169	49	4693	TRUE	0.524	-0.27804906195892	FALSE	1053	41	0.048010125158205595
ENSG00000279077	chr18:79982669-79983169	8	545	TRUE	0.568	-0.6094071477902228	FALSE	1053	41	0.0054000843763183795
ENSG00000178184	chr18:79982669-79983169	27	2484	TRUE	0.576	-0.23889178328788407	FALSE	1053	41	0.02501289082641916
ENSG00000278000	chr18:79982669-79983169	11	1079	TRUE	0.608	0.25970753670765045	FALSE	1053	41	0.01084704448507008
ENSG00000267655	chr18:79982669-79983169	9	386	TRUE	0.9	-0.3150634591067405	FALSE	1053	41	0.0038719354989921718
ENSG00000261126	chr18:79982669-79983169	7	558	TRUE	0.976	0.10500095244236096	FALSE	1053	41	0.005475085548211691
ENSG00000141759	chr18:79982669-79983169	912	85029	TRUE	4e-4	-0.4585688731488289	TRUE	1053	42	2.5992968640135
ENSG00000101544	chr18:79982669-79983169	131	11428	TRUE	0.0021587239135518604	-0.5406129680232685	TRUE	1053	42	0.12104251628931702
ENSG00000101546	chr18:79982669-79983169	384	32338	TRUE	0.002356173541475116	-0.3415330785132997	TRUE	1053	42	0.3974874607415741
ENSG00000274828	chr18:79982669-79983169	19	2945	TRUE	0.028	-0.6071893353960887	FALSE	1053	42	0.02965358833731777
ENSG00000122490	chr18:79982669-79983169	90	7719	TRUE	0.072	-0.5676160414067901	FALSE	1053	42	0.08160127501992219
ENSG00000267127	chr18:79982669-79983169	9	1202	TRUE	0.084	-0.9803992538410728	FALSE	1053	42	0.011803309426709792
ENSG00000279077	chr18:79982669-79983169	8	545	TRUE	0.108	-2.6094071477902228	FALSE	1053	42	0.0054000843763183795
ENSG00000267655	chr18:79982669-79983169	9	386	TRUE	0.324	0.2698990416144156	FALSE	1053	42	0.0038719354989921718
ENSG00000278000	chr18:79982669-79983169	11	1079	TRUE	0.364	0.4661584141750774	FALSE	1053	42	0.01084704448507008
ENSG00000279474	chr18:79982669-79983169	8	483	TRUE	0.416	-0.802340309416385	FALSE	1053	42	0.004687573243331927
ENSG00000060069	chr18:79982669-79983169	36	3663	TRUE	0.468	-0.44878412037342397	FALSE	1053	42	0.0371162049407022
ENSG00000261126	chr18:79982669-79983169	7	558	TRUE	0.532	-0.4799615482787951	FALSE	1053	42	0.005475085548211691
ENSG00000131196	chr18:79982669-79983169	49	4693	TRUE	0.556	-0.3407848173068828	FALSE	1053	42	0.048010125158205595
ENSG00000178184	chr18:79982669-79983169	27	2484	TRUE	0.776	-0.23889178328788407	FALSE	1053	42	0.02501289082641916
ENSG00000166377	chr18:79982669-79983169	26	2208	TRUE	0.992	-0.09753208617102782	FALSE	1053	42	0.02225659775933999
ENSG00000141759	chr18:79982669-79983169	912	85029	TRUE	4e-4	-0.48192519885035545	TRUE	1053	43	2.5992968640135
ENSG00000101546	chr18:79982669-79983169	384	32338	TRUE	0.005952345096144842	-0.3132043554548054	TRUE	1053	43	0.3974874607415741
ENSG00000267127	chr18:79982669-79983169	9	1202	TRUE	0.04	-1.2027916751775205	FALSE	1053	43	0.011803309426709792
ENSG00000166377	chr18:79982669-79983169	26	2208	TRUE	0.1	-0.6210940422280409	FALSE	1053	43	0.02225659775933999
ENSG00000060069	chr18:79982669-79983169	36	3663	TRUE	0.136	-0.5862876441233587	FALSE	1053	43	0.0371162049407022
ENSG00000122490	chr18:79982669-79983169	90	7719	TRUE	0.152	-0.42218560188522636	FALSE	1053	43	0.08160127501992219
ENSG00000101544	chr18:79982669-79983169	131	11428	TRUE	0.28	-0.2623118055361644	FALSE	1053	43	0.12104251628931702
ENSG00000261126	chr18:79982669-79983169	7	558	TRUE	0.352	0.689963453163517	FALSE	1053	43	0.005475085548211691
ENSG00000274828	chr18:79982669-79983169	19	2945	TRUE	0.512	-0.22867771214235955	FALSE	1053	43	0.02965358833731777
ENSG00000267655	chr18:79982669-79983169	9	386	TRUE	0.576	-0.7301009583855844	FALSE	1053	43	0.0038719354989921718
ENSG00000278000	chr18:79982669-79983169	11	1079	TRUE	0.644	0.1442303192877148	FALSE	1053	43	0.01084704448507008
ENSG00000131196	chr18:79982669-79983169	49	4693	TRUE	0.784	-0.21792806952134924	FALSE	1053	43	0.048010125158205595
ENSG00000279474	chr18:79982669-79983169	8	483	TRUE	0.972	-0.06537471525017846	FALSE	1053	43	0.004687573243331927
ENSG00000279077	chr18:79982669-79983169	8	545	TRUE	0.988	-0.024444647069066683	FALSE	1053	43	0.0054000843763183795
ENSG00000178184	chr18:79982669-79983169	27	2484	TRUE	1	-0.06896678184557192	FALSE	1053	43	0.02501289082641916
ENSG00000141759	chr18:79982669-79983169	912	85029	TRUE	4e-4	-0.4730431432790041	TRUE	1053	44	2.5992968640135
ENSG00000101546	chr18:79982669-79983169	384	32338	TRUE	0.0015352049699119512	-0.36626559920621915	TRUE	1053	44	0.3974874607415741
ENSG00000261126	chr18:79982669-79983169	7	558	TRUE	0.056	0.8419665466085675	FALSE	1053	44	0.005475085548211691
ENSG00000060069	chr18:79982669-79983169	36	3663	TRUE	0.084	0.121531604383331	FALSE	1053	44	0.0371162049407022
ENSG00000122490	chr18:79982669-79983169	90	7719	TRUE	0.152	-0.4622630412605613	FALSE	1053	44	0.08160127501992219
ENSG00000274828	chr18:79982669-79983169	19	2945	TRUE	0.176	-0.3441549295622952	FALSE	1053	44	0.02965358833731777
ENSG00000166377	chr18:79982669-79983169	26	2208	TRUE	0.244	-0.5336312009777009	FALSE	1053	44	0.02225659775933999
ENSG00000101544	chr18:79982669-79983169	131	11428	TRUE	0.396	-0.18831122409238743	FALSE	1053	44	0.12104251628931702
ENSG00000267655	chr18:79982669-79983169	9	386	TRUE	0.464	0.00686463578062213	FALSE	1053	44	0.0038719354989921718
ENSG00000279474	chr18:79982669-79983169	8	483	TRUE	0.504	0.42005211192006264	FALSE	1053	44	0.004687573243331927
ENSG00000131196	chr18:79982669-79983169	49	4693	TRUE	0.564	-0.27804906195892	FALSE	1053	44	0.048010125158205595
ENSG00000267127	chr18:79982669-79983169	9	1202	TRUE	0.78	-0.32832255726137927	FALSE	1053	44	0.011803309426709792
ENSG00000178184	chr18:79982669-79983169	27	2484	TRUE	0.784	-0.3002923279520271	FALSE	1053	44	0.02501289082641916
ENSG00000279077	chr18:79982669-79983169	8	545	TRUE	0.792	0.19794777426738097	FALSE	1053	44	0.0054000843763183795
ENSG00000278000	chr18:79982669-79983169	11	1079	TRUE	0.916	0.1442303192877148	FALSE	1053	44	0.01084704448507008
ENSG00000141759	chr18:79982669-79983169	912	85029	TRUE	9.835693535823744e-6	-0.38531989111819054	TRUE	1053	45	2.5992968640135
ENSG00000060069	chr18:79982669-79983169	36	3663	TRUE	0.048	-0.6858233176742736	FALSE	1053	45	0.0371162049407022
ENSG00000279474	chr18:79982669-79983169	8	483	TRUE	0.096	-2.387302810137541	FALSE	1053	45	0.004687573243331927
ENSG00000122490	chr18:79982669-79983169	90	7719	TRUE	0.164	0.01734645931436596	FALSE	1053	45	0.08160127501992219
ENSG00000278000	chr18:79982669-79983169	11	1079	TRUE	0.232	-0.6333772593758376	FALSE	1053	45	0.01084704448507008
ENSG00000261126	chr18:79982669-79983169	7	558	TRUE	0.236	-0.894999047557639	FALSE	1053	45	0.005475085548211691
ENSG00000101546	chr18:79982669-79983169	384	32338	TRUE	0.348	-0.18667194952587374	FALSE	1053	45	0.3974874607415741
ENSG00000279077	chr18:79982669-79983169	8	545	TRUE	0.444	-1.0244446470690667	FALSE	1053	45	0.0054000843763183795
ENSG00000101544	chr18:79982669-79983169	131	11428	TRUE	0.488	-0.212558770339065	FALSE	1053	45	0.12104251628931702
ENSG00000267655	chr18:79982669-79983169	9	386	TRUE	0.528	-0.7301009583855844	FALSE	1053	45	0.0038719354989921718
ENSG00000131196	chr18:79982669-79983169	49	4693	TRUE	0.536	-0.07775041147308936	FALSE	1053	45	0.048010125158205595
ENSG00000178184	chr18:79982669-79983169	27	2484	TRUE	0.704	-0.23889178328788407	FALSE	1053	45	0.02501289082641916
ENSG00000267127	chr18:79982669-79983169	9	1202	TRUE	0.708	-0.32832255726137927	FALSE	1053	45	0.011803309426709792
ENSG00000274828	chr18:79982669-79983169	19	2945	TRUE	0.776	-0.022226834674932583	FALSE	1053	45	0.02965358833731777
ENSG00000166377	chr18:79982669-79983169	26	2208	TRUE	0.936	-0.09753208617102782	FALSE	1053	45	0.02225659775933999
ENSG00000141759	chr18:79982669-79983169	912	85029	TRUE	2.9509525671706896e-10	-0.47430866532584437	TRUE	1053	46	2.5992968640135
ENSG00000101546	chr18:79982669-79983169	384	32338	TRUE	0.003727215353143406	-0.32932402081808254	TRUE	1053	46	0.3974874607415741
ENSG00000101544	chr18:79982669-79983169	131	11428	TRUE	0.023767121187047643	-0.4369903369491115	FALSE	1053	46	0.12104251628931702
ENSG00000261126	chr18:79982669-79983169	7	558	TRUE	0.044	-2.479961548278795	FALSE	1053	46	0.005475085548211691
ENSG00000166377	chr18:79982669-79983169	26	2208	TRUE	0.256	-0.4511690407857287	FALSE	1053	46	0.02225659775933999
ENSG00000131196	chr18:79982669-79983169	49	4693	TRUE	0.288	-0.4063731589344597	FALSE	1053	46	0.048010125158205595
ENSG00000060069	chr18:79982669-79983169	36	3663	TRUE	0.296	-0.49317823973187735	FALSE	1053	46	0.0371162049407022
ENSG00000267655	chr18:79982669-79983169	9	386	TRUE	0.368	0.2698990416144156	FALSE	1053	46	0.0038719354989921718
ENSG00000178184	chr18:79982669-79983169	27	2484	TRUE	0.456	-0.36442266537174284	FALSE	1053	46	0.02501289082641916
ENSG00000274828	chr18:79982669-79983169	19	2945	TRUE	0.48	-0.12176250822584755	FALSE	1053	46	0.02965358833731777
ENSG00000279077	chr18:79982669-79983169	8	545	TRUE	0.672	-0.28747905290286013	FALSE	1053	46	0.0054000843763183795
ENSG00000267127	chr18:79982669-79983169	9	1202	TRUE	0.744	0.01960074615892715	FALSE	1053	46	0.011803309426709792
ENSG00000278000	chr18:79982669-79983169	11	1079	TRUE	0.796	-0.11880408654607866	FALSE	1053	46	0.01084704448507008
ENSG00000279474	chr18:79982669-79983169	8	483	TRUE	0.872	-0.3873028101375411	FALSE	1053	46	0.004687573243331927
ENSG00000122490	chr18:79982669-79983169	90	7719	TRUE	0.908	-0.21969273798648326	FALSE	1053	46	0.08160127501992219
ENSG00000101546	chr18:79982669-79983169	384	32338	TRUE	8.38272732151011e-4	-0.3538463399521512	TRUE	1053	47	0.3974874607415741
ENSG00000278000	chr18:79982669-79983169	11	1079	TRUE	0.006757863097993366	-1.8557696807122852	TRUE	1053	47	0.01084704448507008
ENSG00000261126	chr18:79982669-79983169	7	558	TRUE	0.03400172291581742	0.9794700703585022	FALSE	1053	47	0.005475085548211691
ENSG00000122490	chr18:79982669-79983169	90	7719	TRUE	0.08	-0.5034857039870744	FALSE	1053	47	0.08160127501992219
ENSG00000141759	chr18:79982669-79983169	912	85029	TRUE	0.112	-0.27534704909305874	FALSE	1053	47	2.5992968640135
ENSG00000166377	chr18:79982669-79983169	26	2208	TRUE	0.232	-0.4511690407857287	FALSE	1053	47	0.02225659775933999
ENSG00000101544	chr18:79982669-79983169	131	11428	TRUE	0.396	-0.1763385824263115	FALSE	1053	47	0.12104251628931702
ENSG00000279077	chr18:79982669-79983169	8	545	TRUE	0.596	-0.6094071477902228	FALSE	1053	47	0.0054000843763183795
ENSG00000267655	chr18:79982669-79983169	9	386	TRUE	0.616	0.00686463578062213	FALSE	1053	47	0.0038719354989921718
ENSG00000274828	chr18:79982669-79983169	19	2945	TRUE	0.692	-0.022226834674932583	FALSE	1053	47	0.02965358833731777
ENSG00000267127	chr18:79982669-79983169	9	1202	TRUE	0.728	-0.08731445775758484	FALSE	1053	47	0.011803309426709792
ENSG00000131196	chr18:79982669-79983169	49	4693	TRUE	0.836	-0.16021257166506242	FALSE	1053	47	0.048010125158205595
ENSG00000060069	chr18:79982669-79983169	36	3663	TRUE	0.852	-0.17125014484451473	FALSE	1053	47	0.0371162049407022
ENSG00000279474	chr18:79982669-79983169	8	483	TRUE	0.9	-0.3873028101375411	FALSE	1053	47	0.004687573243331927
ENSG00000178184	chr18:79982669-79983169	27	2484	TRUE	0.908	-0.12341456586794841	FALSE	1053	47	0.02501289082641916
ENSG00000141759	chr18:79982669-79983169	912	85029	TRUE	2.2666081469601535e-6	-0.40509545987951334	TRUE	1053	48	2.5992968640135
ENSG00000131196	chr18:79982669-79983169	49	4693	TRUE	0.0012761364916017842	-0.9257473180280389	TRUE	1053	48	0.048010125158205595
ENSG00000101546	chr18:79982669-79983169	384	32338	TRUE	0.003157742977317999	-0.34562583314718287	TRUE	1053	48	0.3974874607415741
ENSG00000261126	chr18:79982669-79983169	7	558	TRUE	0.036	-2.479961548278795	FALSE	1053	48	0.005475085548211691
ENSG00000122490	chr18:79982669-79983169	90	7719	TRUE	0.144	-0.3831914702693626	FALSE	1053	48	0.08160127501992219
ENSG00000101544	chr18:79982669-79983169	131	11428	TRUE	0.332	-0.2497117687565309	FALSE	1053	48	0.12104251628931702
ENSG00000267127	chr18:79982669-79983169	9	1202	TRUE	0.464	-0.46582608101131395	FALSE	1053	48	0.011803309426709792
ENSG00000178184	chr18:79982669-79983169	27	2484	TRUE	0.552	-0.3002923279520271	FALSE	1053	48	0.02501289082641916
ENSG00000278000	chr18:79982669-79983169	11	1079	TRUE	0.632	0.25970753670765045	FALSE	1053	48	0.01084704448507008
ENSG00000274828	chr18:79982669-79983169	19	2945	TRUE	0.708	0.1152766890750021	FALSE	1053	48	0.02965358833731777
ENSG00000166377	chr18:79982669-79983169	26	2208	TRUE	0.736	-0.22877661944928018	FALSE	1053	48	0.02225659775933999
ENSG00000060069	chr18:79982669-79983169	36	3663	TRUE	0.744	-0.28372487410292724	FALSE	1053	48	0.0371162049407022
ENSG00000279077	chr18:79982669-79983169	8	545	TRUE	0.852	0.19794777426738097	FALSE	1053	48	0.0054000843763183795
ENSG00000267655	chr18:79982669-79983169	9	386	TRUE	0.912	-0.3150634591067405	FALSE	1053	48	0.0038719354989921718
ENSG00000279474	chr18:79982669-79983169	8	483	TRUE	0.94	-0.06537471525017846	FALSE	1053	48	0.004687573243331927
ENSG00000141759	chr18:79982669-79983169	912	85029	TRUE	7.973388196151304e-7	-0.41538965494923485	TRUE	1053	49	2.5992968640135
ENSG00000101546	chr18:79982669-79983169	384	32338	TRUE	3.288554429495868e-4	-0.39142952276030774	TRUE	1053	49	0.3974874607415741
ENSG00000267655	chr18:79982669-79983169	9	386	TRUE	0.008086330536075628	1.0068646357806221	TRUE	1053	49	0.0038719354989921718
ENSG00000122490	chr18:79982669-79983169	90	7719	TRUE	0.015280137986484976	-0.6347302372653267	TRUE	1053	49	0.08160127501992219
ENSG00000178184	chr18:79982669-79983169	27	2484	TRUE	0.092	-0.653929282566728	FALSE	1053	49	0.02501289082641916
ENSG00000279474	chr18:79982669-79983169	8	483	TRUE	0.168	-1.387302810137541	FALSE	1053	49	0.004687573243331927
ENSG00000060069	chr18:79982669-79983169	36	3663	TRUE	0.22	-0.49317823973187735	FALSE	1053	49	0.0371162049407022
ENSG00000261126	chr18:79982669-79983169	7	558	TRUE	0.308	0.5200384517212049	FALSE	1053	49	0.005475085548211691
ENSG00000274828	chr18:79982669-79983169	19	2945	TRUE	0.4	-0.17422992811998306	FALSE	1053	49	0.02965358833731777
ENSG00000131196	chr18:79982669-79983169	49	4693	TRUE	0.488	-0.3732062949992603	FALSE	1053	49	0.048010125158205595
ENSG00000278000	chr18:79982669-79983169	11	1079	TRUE	0.504	-0.11880408654607866	FALSE	1053	49	0.01084704448507008
ENSG00000279077	chr18:79982669-79983169	8	545	TRUE	0.56	0.19794777426738097	FALSE	1053	49	0.0054000843763183795
ENSG00000267127	chr18:79982669-79983169	9	1202	TRUE	0.944	-0.2027916751775205	FALSE	1053	49	0.011803309426709792
ENSG00000166377	chr18:79982669-79983169	26	2208	TRUE	0.968	-0.09753208617102782	FALSE	1053	49	0.02225659775933999
ENSG00000101544	chr18:79982669-79983169	131	11428	TRUE	0.98	-0.09520181970090613	FALSE	1053	49	0.12104251628931702
ENSG00000141759	chr18:79982669-79983169	912	85029	TRUE	2.4544198372599757e-12	-0.5011443335320227	TRUE	1053	50	2.5992968640135
ENSG00000101546	chr18:79982669-79983169	384	32338	TRUE	1.1790512792230791e-5	-0.4387352375386644	TRUE	1053	50	0.3974874607415741
ENSG00000101544	chr18:79982669-79983169	131	11428	TRUE	4.0243349980568013e-4	-0.6194683887345085	TRUE	1053	50	0.12104251628931702
ENSG00000060069	chr18:79982669-79983169	36	3663	TRUE	0.012848809075807682	-0.9082157390107213	TRUE	1053	50	0.0371162049407022
ENSG00000278000	chr18:79982669-79983169	11	1079	TRUE	0.04	-1.1188040865460787	FALSE	1053	50	0.01084704448507008
ENSG00000178184	chr18:79982669-79983169	27	2484	TRUE	0.084	-0.5759267705654549	FALSE	1053	50	0.02501289082641916
ENSG00000166377	chr18:79982669-79983169	26	2208	TRUE	0.352	-0.37316652878445566	FALSE	1053	50	0.02225659775933999
ENSG00000279077	chr18:79982669-79983169	8	545	TRUE	0.368	-1.0244446470690667	FALSE	1053	50	0.0054000843763183795
ENSG00000267127	chr18:79982669-79983169	9	1202	TRUE	0.38	-0.6178291744563644	FALSE	1053	50	0.011803309426709792
ENSG00000122490	chr18:79982669-79983169	90	7719	TRUE	0.436	-0.27216015788061876	FALSE	1053	50	0.08160127501992219
ENSG00000131196	chr18:79982669-79983169	49	4693	TRUE	0.536	-0.27804906195892	FALSE	1053	50	0.048010125158205595
ENSG00000267655	chr18:79982669-79983169	9	386	TRUE	0.616	-0.7301009583855844	FALSE	1053	50	0.0038719354989921718
ENSG00000279474	chr18:79982669-79983169	8	483	TRUE	0.82	-0.3873028101375411	FALSE	1053	50	0.004687573243331927
ENSG00000274828	chr18:79982669-79983169	19	2945	TRUE	0.912	-0.022226834674932583	FALSE	1053	50	0.02965358833731777
ENSG00000261126	chr18:79982669-79983169	7	558	TRUE	0.972	0.10500095244236096	FALSE	1053	50	0.005475085548211691
ENSG00000141759	chr18:79982669-79983169	912	85029	TRUE	4e-4	-0.45045154572631985	TRUE	1053	51	2.5992968640135
ENSG00000166377	chr18:79982669-79983169	26	2208	TRUE	0.004644864638763513	-1.1616624235907436	TRUE	1053	51	0.02225659775933999
ENSG00000101546	chr18:79982669-79983169	384	32338	TRUE	0.005915566820631428	-0.32124167452022356	TRUE	1053	51	0.3974874607415741
ENSG00000122490	chr18:79982669-79983169	90	7719	TRUE	0.072	-0.4827271438202767	FALSE	1053	51	0.08160127501992219
ENSG00000101544	chr18:79982669-79983169	131	11428	TRUE	0.156	-0.2497117687565309	FALSE	1053	51	0.12104251628931702
ENSG00000131196	chr18:79982669-79983169	49	4693	TRUE	0.356	-0.4063731589344597	FALSE	1053	51	0.048010125158205595
ENSG00000274828	chr18:79982669-79983169	19	2945	TRUE	0.372	-0.22867771214235955	FALSE	1053	51	0.02965358833731777
ENSG00000279474	chr18:79982669-79983169	8	483	TRUE	0.38	-0.802340309416385	FALSE	1053	51	0.004687573243331927
ENSG00000279077	chr18:79982669-79983169	8	545	TRUE	0.42	-1.0244446470690667	FALSE	1053	51	0.0054000843763183795
ENSG00000178184	chr18:79982669-79983169	27	2484	TRUE	0.524	-0.36442266537174284	FALSE	1053	51	0.02501289082641916
ENSG00000060069	chr18:79982669-79983169	36	3663	TRUE	0.556	-0.3232532382895652	FALSE	1053	51	0.0371162049407022
ENSG00000267127	chr18:79982669-79983169	9	1202	TRUE	0.62	0.01960074615892715	FALSE	1053	51	0.011803309426709792
ENSG00000261126	chr18:79982669-79983169	7	558	TRUE	0.756	-0.1580334533914325	FALSE	1053	51	0.005475085548211691
ENSG00000278000	chr18:79982669-79983169	11	1079	TRUE	0.768	-0.11880408654607866	FALSE	1053	51	0.01084704448507008
ENSG00000267655	chr18:79982669-79983169	9	386	TRUE	0.94	-0.3150634591067405	FALSE	1053	51	0.0038719354989921718
ENSG00000141759	chr18:79982669-79983169	912	85029	TRUE	2.236643865400816e-7	-0.4275952695526972	TRUE	1053	52	2.5992968640135
ENSG00000101546	chr18:79982669-79983169	384	32338	TRUE	0.0015067479209829437	-0.35797422557482794	TRUE	1053	52	0.3974874607415741
ENSG00000278000	chr18:79982669-79983169	11	1079	TRUE	0.044	-1.1188040865460787	FALSE	1053	52	0.01084704448507008
ENSG00000178184	chr18:79982669-79983169	27	2484	TRUE	0.072	-0.7363914427587002	FALSE	1053	52	0.02501289082641916
ENSG00000267655	chr18:79982669-79983169	9	386	TRUE	0.084	-2.3150634591067405	FALSE	1053	52	0.0038719354989921718
ENSG00000101544	chr18:79982669-79983169	131	11428	TRUE	0.168	-0.31384210617624664	FALSE	1053	52	0.12104251628931702
ENSG00000267127	chr18:79982669-79983169	9	1202	TRUE	0.212	-0.7877541758986766	FALSE	1053	52	0.011803309426709792
ENSG00000166377	chr18:79982669-79983169	26	2208	TRUE	0.216	-0.5336312009777009	FALSE	1053	52	0.02225659775933999
ENSG00000122490	chr18:79982669-79983169	90	7719	TRUE	0.284	-0.3831914702693626	FALSE	1053	52	0.08160127501992219
ENSG00000261126	chr18:79982669-79983169	7	558	TRUE	0.304	-0.894999047557639	FALSE	1053	52	0.005475085548211691
ENSG00000279077	chr18:79982669-79983169	8	545	TRUE	0.472	-0.6094071477902228	FALSE	1053	52	0.0054000843763183795
ENSG00000279474	chr18:79982669-79983169	8	483	TRUE	0.8	0.197659690583615	FALSE	1053	52	0.004687573243331927
ENSG00000274828	chr18:79982669-79983169	19	2945	TRUE	0.856	-0.022226834674932583	FALSE	1053	52	0.02965358833731777
ENSG00000131196	chr18:79982669-79983169	49	4693	TRUE	0.9	-0.18878172386183234	FALSE	1053	52	0.048010125158205595
ENSG00000060069	chr18:79982669-79983169	36	3663	TRUE	0.956	-0.28372487410292724	FALSE	1053	52	0.0371162049407022
ENSG00000141759	chr18:79982669-79983169	912	85029	TRUE	6.063273085404536e-13	-0.4992108576461749	TRUE	1053	53	2.5992968640135
ENSG00000101546	chr18:79982669-79983169	384	32338	TRUE	5.257365141678651e-4	-0.36626559920621915	TRUE	1053	53	0.3974874607415741
ENSG00000274828	chr18:79982669-79983169	19	2945	TRUE	0.0023293915602236454	-1.0222268346749326	TRUE	1053	53	0.02965358833731777
ENSG00000178184	chr18:79982669-79983169	27	2484	TRUE	0.00880154348541115	-1.1234145658679484	TRUE	1053	53	0.02501289082641916
ENSG00000131196	chr18:79982669-79983169	49	4693	TRUE	0.052	-0.6627129121942454	FALSE	1053	53	0.048010125158205595
ENSG00000267655	chr18:79982669-79983169	9	386	TRUE	0.072	-2.3150634591067405	FALSE	1053	53	0.0038719354989921718
ENSG00000122490	chr18:79982669-79983169	90	7719	TRUE	0.088	-0.5034857039870744	FALSE	1053	53	0.08160127501992219
ENSG00000101544	chr18:79982669-79983169	131	11428	TRUE	0.128	-0.28784689764330196	FALSE	1053	53	0.12104251628931702
ENSG00000279077	chr18:79982669-79983169	8	545	TRUE	0.228	-1.0244446470690667	FALSE	1053	53	0.0054000843763183795
ENSG00000279474	chr18:79982669-79983169	8	483	TRUE	0.272	-1.387302810137541	FALSE	1053	53	0.004687573243331927
ENSG00000166377	chr18:79982669-79983169	26	2208	TRUE	0.46	-0.22877661944928018	FALSE	1053	53	0.02225659775933999
ENSG00000267127	chr18:79982669-79983169	9	1202	TRUE	0.48	0.21224582410132342	FALSE	1053	53	0.011803309426709792
ENSG00000261126	chr18:79982669-79983169	7	558	TRUE	0.484	0.3273933737788086	FALSE	1053	53	0.005475085548211691
ENSG00000060069	chr18:79982669-79983169	36	3663	TRUE	0.828	-0.13562623511379357	FALSE	1053	53	0.0371162049407022
ENSG00000278000	chr18:79982669-79983169	11	1079	TRUE	0.984	0.01869943720385603	FALSE	1053	53	0.01084704448507008
ENSG00000274828	chr18:79982669-79983169	19	2945	TRUE	0.002662425405344837	-0.8416545890331113	TRUE	1053	54	0.02965358833731777
ENSG00000101546	chr18:79982669-79983169	384	32338	TRUE	0.0034624413429002535	-0.3333822373924358	TRUE	1053	54	0.3974874607415741
ENSG00000141759	chr18:79982669-79983169	912	85029	TRUE	0.006786133487206643	-0.3195860705272022	TRUE	1053	54	2.5992968640135
ENSG00000122490	chr18:79982669-79983169	90	7719	TRUE	0.04	-0.5896423477367891	FALSE	1053	54	0.08160127501992219
ENSG00000060069	chr18:79982669-79983169	36	3663	TRUE	0.1	-0.6351972446043055	FALSE	1053	54	0.0371162049407022
ENSG00000279077	chr18:79982669-79983169	8	545	TRUE	0.148	-1.6094071477902228	FALSE	1053	54	0.0054000843763183795
ENSG00000279474	chr18:79982669-79983169	8	483	TRUE	0.26	0.42005211192006264	FALSE	1053	54	0.004687573243331927
ENSG00000166377	chr18:79982669-79983169	26	2208	TRUE	0.272	0.18626087982956285	FALSE	1053	54	0.02225659775933999
ENSG00000267127	chr18:79982669-79983169	9	1202	TRUE	0.328	-0.6178291744563644	FALSE	1053	54	0.011803309426709792
ENSG00000178184	chr18:79982669-79983169	27	2484	TRUE	0.34	-0.43153686123027946	FALSE	1053	54	0.02501289082641916
ENSG00000101544	chr18:79982669-79983169	131	11428	TRUE	0.432	-0.2248371001175018	FALSE	1053	54	0.12104251628931702
ENSG00000131196	chr18:79982669-79983169	49	4693	TRUE	0.692	-0.13219819549546585	FALSE	1053	54	0.048010125158205595
ENSG00000278000	chr18:79982669-79983169	11	1079	TRUE	0.8	0.1442303192877148	FALSE	1053	54	0.01084704448507008
ENSG00000267655	chr18:79982669-79983169	9	386	TRUE	0.808	0.00686463578062213	FALSE	1053	54	0.0038719354989921718
ENSG00000261126	chr18:79982669-79983169	7	558	TRUE	1	0.10500095244236096	FALSE	1053	54	0.005475085548211691
ENSG00000141759	chr18:79982669-79983169	912	85029	TRUE	4e-4	-0.5186632203123476	TRUE	1053	55	2.5992968640135
ENSG00000101544	chr18:79982669-79983169	131	11428	TRUE	0.032	-0.4227764777294105	FALSE	1053	55	0.12104251628931702
ENSG00000122490	chr18:79982669-79983169	90	7719	TRUE	0.08	-0.524547319514904	FALSE	1053	55	0.08160127501992219
ENSG00000178184	chr18:79982669-79983169	27	2484	TRUE	0.088	-0.653929282566728	FALSE	1053	55	0.02501289082641916
ENSG00000279474	chr18:79982669-79983169	8	483	TRUE	0.14	0.9346252847498215	FALSE	1053	55	0.004687573243331927
ENSG00000101546	chr18:79982669-79983169	384	32338	TRUE	0.144	-0.23141026429115819	FALSE	1053	55	0.3974874607415741
ENSG00000267655	chr18:79982669-79983169	9	386	TRUE	0.348	-1.3150634591067405	FALSE	1053	55	0.0038719354989921718
ENSG00000261126	chr18:79982669-79983169	7	558	TRUE	0.448	-0.4799615482787951	FALSE	1053	55	0.005475085548211691
ENSG00000279077	chr18:79982669-79983169	8	545	TRUE	0.448	0.7125209470971399	FALSE	1053	55	0.0054000843763183795
ENSG00000131196	chr18:79982669-79983169	49	4693	TRUE	0.46	-0.3407848173068828	FALSE	1053	55	0.048010125158205595
ENSG00000267127	chr18:79982669-79983169	9	1202	TRUE	0.488	-0.32832255726137927	FALSE	1053	55	0.011803309426709792
ENSG00000060069	chr18:79982669-79983169	36	3663	TRUE	0.736	-0.24525072628829214	FALSE	1053	55	0.0371162049407022
ENSG00000166377	chr18:79982669-79983169	26	2208	TRUE	0.772	-0.16166242359074356	FALSE	1053	55	0.02225659775933999
ENSG00000278000	chr18:79982669-79983169	11	1079	TRUE	0.848	0.1442303192877148	FALSE	1053	55	0.01084704448507008
ENSG00000274828	chr18:79982669-79983169	19	2945	TRUE	0.948	0.07088256971654872	FALSE	1053	55	0.02965358833731777
ENSG00000101546	chr18:79982669-79983169	384	32338	TRUE	3.8018395099019726e-4	-0.36626559920621915	TRUE	1053	56	0.3974874607415741
ENSG00000141759	chr18:79982669-79983169	912	85029	TRUE	4e-4	-0.4793818838842534	TRUE	1053	56	2.5992968640135
ENSG00000101544	chr18:79982669-79983169	131	11428	TRUE	0.004408024272705702	-0.5253462113699583	TRUE	1053	56	0.12104251628931702
ENSG00000274828	chr18:79982669-79983169	19	2945	TRUE	0.00760596325029822	-0.8416545890331113	TRUE	1053	56	0.02965358833731777
ENSG00000166377	chr18:79982669-79983169	26	2208	TRUE	0.018229205002723126	-1.0361315415068848	TRUE	1053	56	0.02225659775933999
ENSG00000278000	chr18:79982669-79983169	11	1079	TRUE	0.056	0.6467306598168987	FALSE	1053	56	0.01084704448507008
ENSG00000178184	chr18:79982669-79983169	27	2484	TRUE	0.112	-0.7363914427587002	FALSE	1053	56	0.02501289082641916
ENSG00000261126	chr18:79982669-79983169	7	558	TRUE	0.22	-0.894999047557639	FALSE	1053	56	0.005475085548211691
ENSG00000267127	chr18:79982669-79983169	9	1202	TRUE	0.252	-0.7877541758986766	FALSE	1053	56	0.011803309426709792
ENSG00000122490	chr18:79982669-79983169	90	7719	TRUE	0.648	-0.27216015788061876	FALSE	1053	56	0.08160127501992219
ENSG00000131196	chr18:79982669-79983169	49	4693	TRUE	0.648	-0.27804906195892	FALSE	1053	56	0.048010125158205595
ENSG00000267655	chr18:79982669-79983169	9	386	TRUE	0.688	-0.7301009583855844	FALSE	1053	56	0.0038719354989921718
ENSG00000060069	chr18:79982669-79983169	36	3663	TRUE	0.828	-0.24525072628829214	FALSE	1053	56	0.0371162049407022
ENSG00000279077	chr18:79982669-79983169	8	545	TRUE	0.956	-0.28747905290286013	FALSE	1053	56	0.0054000843763183795
ENSG00000279474	chr18:79982669-79983169	8	483	TRUE	0.968	-0.06537471525017846	FALSE	1053	56	0.004687573243331927
ENSG00000141759	chr18:79982669-79983169	912	85029	TRUE	0.0036	-0.3327249401706338	TRUE	1053	57	2.5992968640135
ENSG00000101546	chr18:79982669-79983169	384	32338	TRUE	0.005358933127052094	-0.3012317137887295	TRUE	1053	57	0.3974874607415741
ENSG00000278000	chr18:79982669-79983169	11	1079	TRUE	0.044	-1.1188040865460787	FALSE	1053	57	0.01084704448507008
ENSG00000101544	chr18:79982669-79983169	131	11428	TRUE	0.052	-0.4369903369491115	FALSE	1053	57	0.12104251628931702
ENSG00000060069	chr18:79982669-79983169	36	3663	TRUE	0.184	-0.5389819293450024	FALSE	1053	57	0.0371162049407022
ENSG00000131196	chr18:79982669-79983169	49	4693	TRUE	0.244	-0.4750859090184738	FALSE	1053	57	0.048010125158205595
ENSG00000267127	chr18:79982669-79983169	9	1202	TRUE	0.244	-0.7877541758986766	FALSE	1053	57	0.011803309426709792
ENSG00000274828	chr18:79982669-79983169	19	2945	TRUE	0.244	-0.28526124050872603	FALSE	1053	57	0.02965358833731777
ENSG00000279474	chr18:79982669-79983169	8	483	TRUE	0.304	-1.387302810137541	FALSE	1053	57	0.004687573243331927
ENSG00000178184	chr18:79982669-79983169	27	2484	TRUE	0.344	0.13034202637783476	FALSE	1053	57	0.02501289082641916
ENSG00000261126	chr18:79982669-79983169	7	558	TRUE	0.48	-0.4799615482787951	FALSE	1053	57	0.005475085548211691
ENSG00000166377	chr18:79982669-79983169	26	2208	TRUE	0.56	0.022762147546684375	FALSE	1053	57	0.02225659775933999
ENSG00000267655	chr18:79982669-79983169	9	386	TRUE	0.628	0.00686463578062213	FALSE	1053	57	0.0038719354989921718
ENSG00000279077	chr18:79982669-79983169	8	545	TRUE	0.72	-0.6094071477902228	FALSE	1053	57	0.0054000843763183795
ENSG00000122490	chr18:79982669-79983169	90	7719	TRUE	0.768	-0.1525785421279462	FALSE	1053	57	0.08160127501992219
ENSG00000141759	chr18:79982669-79983169	912	85029	TRUE	1.3079732497691668e-9	-0.44920676994513786	TRUE	1053	58	2.5992968640135
ENSG00000274828	chr18:79982669-79983169	19	2945	TRUE	0.007465927944936446	-0.8416545890331113	TRUE	1053	58	0.02965358833731777
ENSG00000060069	chr18:79982669-79983169	36	3663	TRUE	0.012737813987938051	-0.9082157390107213	TRUE	1053	58	0.0371162049407022
ENSG00000131196	chr18:79982669-79983169	49	4693	TRUE	0.032	-0.6627129121942454	FALSE	1053	58	0.048010125158205595
ENSG00000166377	chr18:79982669-79983169	26	2208	TRUE	0.048	-0.7142034466195222	FALSE	1053	58	0.02225659775933999
ENSG00000178184	chr18:79982669-79983169	27	2484	TRUE	0.088	-0.653929282566728	FALSE	1053	58	0.02501289082641916
ENSG00000279077	chr18:79982669-79983169	8	545	TRUE	0.156	0.7125209470971399	FALSE	1053	58	0.0054000843763183795
ENSG00000261126	chr18:79982669-79983169	7	558	TRUE	0.348	-0.4799615482787951	FALSE	1053	58	0.005475085548211691
ENSG00000101544	chr18:79982669-79983169	131	11428	TRUE	0.432	-0.212558770339065	FALSE	1053	58	0.12104251628931702
ENSG00000122490	chr18:79982669-79983169	90	7719	TRUE	0.524	-0.32660794190299525	FALSE	1053	58	0.08160127501992219
ENSG00000101546	chr18:79982669-79983169	384	32338	TRUE	0.668	-0.12910041884273138	FALSE	1053	58	0.3974874607415741
ENSG00000267655	chr18:79982669-79983169	9	386	TRUE	0.716	-0.7301009583855844	FALSE	1053	58	0.0038719354989921718
ENSG00000279474	chr18:79982669-79983169	8	483	TRUE	0.736	-0.3873028101375411	FALSE	1053	58	0.004687573243331927
ENSG00000267127	chr18:79982669-79983169	9	1202	TRUE	0.884	-0.32832255726137927	FALSE	1053	58	0.011803309426709792
ENSG00000278000	chr18:79982669-79983169	11	1079	TRUE	0.912	0.01869943720385603	FALSE	1053	58	0.01084704448507008
ENSG00000141759	chr18:79982669-79983169	912	85029	TRUE	6.482249655928194e-5	-0.37819545668480914	TRUE	1053	59	2.5992968640135
ENSG00000122490	chr18:79982669-79983169	90	7719	TRUE	0.0021156623785322584	-0.7293671114034019	TRUE	1053	59	0.08160127501992219
ENSG00000274828	chr18:79982669-79983169	19	2945	TRUE	0.024	-0.6071893353960887	FALSE	1053	59	0.02965358833731777
ENSG00000279474	chr18:79982669-79983169	8	483	TRUE	0.068	-2.387302810137541	FALSE	1053	59	0.004687573243331927
ENSG00000166377	chr18:79982669-79983169	26	2208	TRUE	0.196	0.236886952899531	FALSE	1053	59	0.02225659775933999
ENSG00000131196	chr18:79982669-79983169	49	4693	TRUE	0.228	-0.510709818749195	FALSE	1053	59	0.048010125158205595
ENSG00000261126	chr18:79982669-79983169	7	558	TRUE	0.304	-0.894999047557639	FALSE	1053	59	0.005475085548211691
ENSG00000267127	chr18:79982669-79983169	9	1202	TRUE	0.388	-0.6178291744563644	FALSE	1053	59	0.011803309426709792
ENSG00000060069	chr18:79982669-79983169	36	3663	TRUE	0.404	-0.363895222786911	FALSE	1053	59	0.0371162049407022
ENSG00000279077	chr18:79982669-79983169	8	545	TRUE	0.42	-1.0244446470690667	FALSE	1053	59	0.0054000843763183795
ENSG00000101546	chr18:79982669-79983169	384	32338	TRUE	0.56	-0.14684596903268532	FALSE	1053	59	0.3974874607415741
ENSG00000278000	chr18:79982669-79983169	11	1079	TRUE	0.808	-0.11880408654607866	FALSE	1053	59	0.01084704448507008
ENSG00000267655	chr18:79982669-79983169	9	386	TRUE	0.852	-0.3150634591067405	FALSE	1053	59	0.0038719354989921718
ENSG00000178184	chr18:79982669-79983169	27	2484	TRUE	0.86	-0.12341456586794841	FALSE	1053	59	0.02501289082641916
ENSG00000101544	chr18:79982669-79983169	131	11428	TRUE	0.944	-0.11792189620098936	FALSE	1053	59	0.12104251628931702
ENSG00000141759	chr18:79982669-79983169	912	85029	TRUE	1.2528599609985277e-9	-0.49214353313698567	TRUE	1053	60	2.5992968640135
ENSG00000122490	chr18:79982669-79983169	90	7719	TRUE	6.674876908863148e-4	-0.8571226586017753	TRUE	1053	60	0.08160127501992219
ENSG00000267127	chr18:79982669-79983169	9	1202	TRUE	0.0021620178919244393	-2.2027916751775205	TRUE	1053	60	0.011803309426709792
ENSG00000101544	chr18:79982669-79983169	131	11428	TRUE	0.024	-0.46584519962129667	TRUE	1053	60	0.12104251628931702
ENSG00000261126	chr18:79982669-79983169	7	558	TRUE	0.08	-1.4799615482787951	FALSE	1053	60	0.005475085548211691
ENSG00000267655	chr18:79982669-79983169	9	386	TRUE	0.08	-2.3150634591067405	FALSE	1053	60	0.0038719354989921718
ENSG00000101546	chr18:79982669-79983169	384	32338	TRUE	0.1	-0.22385686985952313	FALSE	1053	60	0.3974874607415741
ENSG00000131196	chr18:79982669-79983169	49	4693	TRUE	0.168	-0.4750859090184738	FALSE	1053	60	0.048010125158205595
ENSG00000178184	chr18:79982669-79983169	27	2484	TRUE	0.352	0.13034202637783476	FALSE	1053	60	0.02501289082641916
ENSG00000166377	chr18:79982669-79983169	26	2208	TRUE	0.412	-0.29916594734067825	FALSE	1053	60	0.02225659775933999
ENSG00000274828	chr18:79982669-79983169	19	2945	TRUE	0.444	-0.17422992811998306	FALSE	1053	60	0.02965358833731777
ENSG00000278000	chr18:79982669-79983169	11	1079	TRUE	0.764	0.1442303192877148	FALSE	1053	60	0.01084704448507008
ENSG00000279474	chr18:79982669-79983169	8	483	TRUE	0.788	-0.3873028101375411	FALSE	1053	60	0.004687573243331927
ENSG00000279077	chr18:79982669-79983169	8	545	TRUE	0.884	-0.024444647069066683	FALSE	1053	60	0.0054000843763183795
ENSG00000060069	chr18:79982669-79983169	36	3663	TRUE	0.916	-0.28372487410292724	FALSE	1053	60	0.0371162049407022
ENSG00000141759	chr18:79982669-79983169	912	85029	TRUE	4e-4	-0.48383563175925914	TRUE	1053	61	2.5992968640135
ENSG00000101544	chr18:79982669-79983169	131	11428	TRUE	0.0017138946467708388	-0.5560430085928747	TRUE	1053	61	0.12104251628931702
ENSG00000274828	chr18:79982669-79983169	19	2945	TRUE	0.044	-0.6811899168398661	FALSE	1053	61	0.02965358833731777
ENSG00000101546	chr18:79982669-79983169	384	32338	TRUE	0.068	-0.20514460959735237	FALSE	1053	61	0.3974874607415741
ENSG00000166377	chr18:79982669-79983169	26	2208	TRUE	0.276	-0.37316652878445566	FALSE	1053	61	0.02225659775933999
ENSG00000122490	chr18:79982669-79983169	90	7719	TRUE	0.316	-0.32660794190299525	FALSE	1053	61	0.08160127501992219
ENSG00000278000	chr18:79982669-79983169	11	1079	TRUE	0.316	-0.4407321814334413	FALSE	1053	61	0.01084704448507008
ENSG00000261126	chr18:79982669-79983169	7	558	TRUE	0.324	-0.894999047557639	FALSE	1053	61	0.005475085548211691
ENSG00000131196	chr18:79982669-79983169	49	4693	TRUE	0.428	-0.4063731589344597	FALSE	1053	61	0.048010125158205595
ENSG00000060069	chr18:79982669-79983169	36	3663	TRUE	0.516	-0.3232532382895652	FALSE	1053	61	0.0371162049407022
ENSG00000279077	chr18:79982669-79983169	8	545	TRUE	0.548	-0.6094071477902228	FALSE	1053	61	0.0054000843763183795
ENSG00000279474	chr18:79982669-79983169	8	483	TRUE	0.784	-0.06537471525017846	FALSE	1053	61	0.004687573243331927
ENSG00000267127	chr18:79982669-79983169	9	1202	TRUE	0.812	-0.08731445775758484	FALSE	1053	61	0.011803309426709792
ENSG00000267655	chr18:79982669-79983169	9	386	TRUE	0.828	0.00686463578062213	FALSE	1053	61	0.0038719354989921718
ENSG00000178184	chr18:79982669-79983169	27	2484	TRUE	0.968	-0.1799980942343149	FALSE	1053	61	0.02501289082641916
ENSG00000141759	chr18:79982669-79983169	912	85029	TRUE	3.695257357478601e-8	-0.43743466005948495	TRUE	1053	62	2.5992968640135
ENSG00000101546	chr18:79982669-79983169	384	32338	TRUE	1.0830484912021428e-5	-0.4387352375386644	TRUE	1053	62	0.3974874607415741
ENSG00000060069	chr18:79982669-79983169	36	3663	TRUE	0.020409216953243547	-0.8493220499571521	FALSE	1053	62	0.0371162049407022
ENSG00000122490	chr18:79982669-79983169	90	7719	TRUE	0.036	-0.6347302372653267	FALSE	1053	62	0.08160127501992219
ENSG00000274828	chr18:79982669-79983169	19	2945	TRUE	0.1	-0.46968581164615397	FALSE	1053	62	0.02965358833731777
ENSG00000261126	chr18:79982669-79983169	7	558	TRUE	0.22	-0.894999047557639	FALSE	1053	62	0.005475085548211691
ENSG00000278000	chr18:79982669-79983169	11	1079	TRUE	0.28	-0.6333772593758376	FALSE	1053	62	0.01084704448507008
ENSG00000178184	chr18:79982669-79983169	27	2484	TRUE	0.472	-0.43153686123027946	FALSE	1053	62	0.02501289082641916
ENSG00000267127	chr18:79982669-79983169	9	1202	TRUE	0.536	0.01960074615892715	FALSE	1053	62	0.011803309426709792
ENSG00000166377	chr18:79982669-79983169	26	2208	TRUE	0.64	-0.22877661944928018	FALSE	1053	62	0.02225659775933999
ENSG00000101544	chr18:79982669-79983169	131	11428	TRUE	0.676	-0.15268731436166627	FALSE	1053	62	0.12104251628931702
ENSG00000131196	chr18:79982669-79983169	49	4693	TRUE	0.72	-0.27804906195892	FALSE	1053	62	0.048010125158205595
ENSG00000279474	chr18:79982669-79983169	8	483	TRUE	0.74	-0.3873028101375411	FALSE	1053	62	0.004687573243331927
ENSG00000267655	chr18:79982669-79983169	9	386	TRUE	0.94	-0.3150634591067405	FALSE	1053	62	0.0038719354989921718
ENSG00000279077	chr18:79982669-79983169	8	545	TRUE	0.968	-0.28747905290286013	FALSE	1053	62	0.0054000843763183795
ENSG00000141759	chr18:79982669-79983169	912	85029	TRUE	0.0014779731369243404	-0.3338731256995142	TRUE	1053	63	2.5992968640135
ENSG00000166377	chr18:79982669-79983169	26	2208	TRUE	0.024	0.5488309592142713	FALSE	1053	63	0.02225659775933999
ENSG00000267655	chr18:79982669-79983169	9	386	TRUE	0.028	0.8548615423355717	FALSE	1053	63	0.0038719354989921718
ENSG00000279474	chr18:79982669-79983169	8	483	TRUE	0.104	-2.387302810137541	FALSE	1053	63	0.004687573243331927
ENSG00000274828	chr18:79982669-79983169	19	2945	TRUE	0.128	-0.40555547422643823	FALSE	1053	63	0.02965358833731777
ENSG00000131196	chr18:79982669-79983169	49	4693	TRUE	0.192	-0.4403204908577969	FALSE	1053	63	0.048010125158205595
ENSG00000101546	chr18:79982669-79983169	384	32338	TRUE	0.2	-0.19772713803486952	FALSE	1053	63	0.3974874607415741
ENSG00000278000	chr18:79982669-79983169	11	1079	TRUE	0.288	-0.4407321814334413	FALSE	1053	63	0.01084704448507008
ENSG00000261126	chr18:79982669-79983169	7	558	TRUE	0.32	-0.894999047557639	FALSE	1053	63	0.005475085548211691
ENSG00000178184	chr18:79982669-79983169	27	2484	TRUE	0.364	-0.3002923279520271	FALSE	1053	63	0.02501289082641916
ENSG00000060069	chr18:79982669-79983169	36	3663	TRUE	0.404	-0.363895222786911	FALSE	1053	63	0.0371162049407022
ENSG00000122490	chr18:79982669-79983169	90	7719	TRUE	0.464	-0.32660794190299525	FALSE	1053	63	0.08160127501992219
ENSG00000101544	chr18:79982669-79983169	131	11428	TRUE	0.5	-0.20038405639296242	FALSE	1053	63	0.12104251628931702
ENSG00000279077	chr18:79982669-79983169	8	545	TRUE	0.584	0.39059285220977724	FALSE	1053	63	0.0054000843763183795
ENSG00000267127	chr18:79982669-79983169	9	1202	TRUE	0.588	-0.46582608101131395	FALSE	1053	63	0.011803309426709792
ENSG00000141759	chr18:79982669-79983169	912	85029	TRUE	4.534231427890138e-7	-0.4141747537903757	TRUE	1053	64	2.5992968640135
ENSG00000101544	chr18:79982669-79983169	131	11428	TRUE	0.0014288890305090424	-0.5874071795022098	TRUE	1053	64	0.12104251628931702
ENSG00000101546	chr18:79982669-79983169	384	32338	TRUE	0.032	-0.2697820751636768	FALSE	1053	64	0.3974874607415741
ENSG00000267127	chr18:79982669-79983169	9	1202	TRUE	0.12	-0.9803992538410728	FALSE	1053	64	0.011803309426709792
ENSG00000166377	chr18:79982669-79983169	26	2208	TRUE	0.332	-0.37316652878445566	FALSE	1053	64	0.02225659775933999
ENSG00000274828	chr18:79982669-79983169	19	2945	TRUE	0.356	-0.22867771214235955	FALSE	1053	64	0.02965358833731777
ENSG00000131196	chr18:79982669-79983169	49	4693	TRUE	0.576	-0.30907595757954454	FALSE	1053	64	0.048010125158205595
ENSG00000122490	chr18:79982669-79983169	90	7719	TRUE	0.604	-0.27216015788061876	FALSE	1053	64	0.08160127501992219
ENSG00000178184	chr18:79982669-79983169	27	2484	TRUE	0.704	-0.06896678184557192	FALSE	1053	64	0.02501289082641916
ENSG00000279077	chr18:79982669-79983169	8	545	TRUE	0.748	-0.28747905290286013	FALSE	1053	64	0.0054000843763183795
ENSG00000278000	chr18:79982669-79983169	11	1079	TRUE	0.832	0.25970753670765045	FALSE	1053	64	0.01084704448507008
ENSG00000060069	chr18:79982669-79983169	36	3663	TRUE	0.876	-0.20777602086962865	FALSE	1053	64	0.0371162049407022
ENSG00000261126	chr18:79982669-79983169	7	558	TRUE	0.952	-0.1580334533914325	FALSE	1053	64	0.005475085548211691
ENSG00000279474	chr18:79982669-79983169	8	483	TRUE	0.972	-0.06537471525017846	FALSE	1053	64	0.004687573243331927
ENSG00000267655	chr18:79982669-79983169	9	386	TRUE	0.992	-0.7301009583855844	FALSE	1053	64	0.0038719354989921718
ENSG00000141759	chr18:79982669-79983169	912	85029	TRUE	4e-4	-0.448584784576207	TRUE	1053	65	2.5992968640135
ENSG00000101546	chr18:79982669-79983169	384	32338	TRUE	0.004245591620476233	-0.3333822373924358	TRUE	1053	65	0.3974874607415741
ENSG00000122490	chr18:79982669-79983169	90	7719	TRUE	0.009522565388988602	-0.6347302372653267	TRUE	1053	65	0.08160127501992219
ENSG00000101544	chr18:79982669-79983169	131	11428	TRUE	0.018988685585987375	-0.46584519962129667	TRUE	1053	65	0.12104251628931702
ENSG00000278000	chr18:79982669-79983169	11	1079	TRUE	0.028	-1.1188040865460787	TRUE	1053	65	0.01084704448507008
ENSG00000060069	chr18:79982669-79983169	36	3663	TRUE	0.064	-0.6858233176742736	FALSE	1053	65	0.0371162049407022
ENSG00000261126	chr18:79982669-79983169	7	558	TRUE	0.068	-1.4799615482787951	FALSE	1053	65	0.005475085548211691
ENSG00000267127	chr18:79982669-79983169	9	1202	TRUE	0.12	-1.2027916751775205	FALSE	1053	65	0.011803309426709792
ENSG00000274828	chr18:79982669-79983169	19	2945	TRUE	0.204	-0.3441549295622952	FALSE	1053	65	0.02965358833731777
ENSG00000178184	chr18:79982669-79983169	27	2484	TRUE	0.328	-0.43153686123027946	FALSE	1053	65	0.02501289082641916
ENSG00000131196	chr18:79982669-79983169	49	4693	TRUE	0.504	-0.27804906195892	FALSE	1053	65	0.048010125158205595
ENSG00000166377	chr18:79982669-79983169	26	2208	TRUE	0.564	-0.22877661944928018	FALSE	1053	65	0.02225659775933999
ENSG00000267655	chr18:79982669-79983169	9	386	TRUE	0.632	-0.7301009583855844	FALSE	1053	65	0.0038719354989921718
ENSG00000279474	chr18:79982669-79983169	8	483	TRUE	0.7	-0.802340309416385	FALSE	1053	65	0.004687573243331927
ENSG00000279077	chr18:79982669-79983169	8	545	TRUE	0.92	-0.28747905290286013	FALSE	1053	65	0.0054000843763183795
ENSG00000141759	chr18:79982669-79983169	912	85029	TRUE	4e-4	-0.6179657687046568	TRUE	1053	66	2.5992968640135
ENSG00000101546	chr18:79982669-79983169	384	32338	TRUE	0.0015316723104270152	-0.3538463399521512	TRUE	1053	66	0.3974874607415741
ENSG00000122490	chr18:79982669-79983169	90	7719	TRUE	0.027409098565149614	-0.545920970307471	FALSE	1053	66	0.08160127501992219
ENSG00000060069	chr18:79982669-79983169	36	3663	TRUE	0.028	-0.7927385215907856	FALSE	1053	66	0.0371162049407022
ENSG00000166377	chr18:79982669-79983169	26	2208	TRUE	0.096	-0.6210940422280409	FALSE	1053	66	0.02225659775933999
ENSG00000279474	chr18:79982669-79983169	8	483	TRUE	0.116	-2.387302810137541	FALSE	1053	66	0.004687573243331927
ENSG00000178184	chr18:79982669-79983169	27	2484	TRUE	0.184	0.26360855724129983	FALSE	1053	66	0.02501289082641916
ENSG00000261126	chr18:79982669-79983169	7	558	TRUE	0.236	-0.894999047557639	FALSE	1053	66	0.005475085548211691
ENSG00000131196	chr18:79982669-79983169	49	4693	TRUE	0.328	0.025343081491014274	FALSE	1053	66	0.048010125158205595
ENSG00000279077	chr18:79982669-79983169	8	545	TRUE	0.424	0.19794777426738097	FALSE	1053	66	0.0054000843763183795
ENSG00000101544	chr18:79982669-79983169	131	11428	TRUE	0.488	-0.2497117687565309	FALSE	1053	66	0.12104251628931702
ENSG00000278000	chr18:79982669-79983169	11	1079	TRUE	0.488	-0.27080717999112913	FALSE	1053	66	0.01084704448507008
ENSG00000267655	chr18:79982669-79983169	9	386	TRUE	0.6	-0.7301009583855844	FALSE	1053	66	0.0038719354989921718
ENSG00000274828	chr18:79982669-79983169	19	2945	TRUE	0.784	0.1152766890750021	FALSE	1053	66	0.02965358833731777
ENSG00000267127	chr18:79982669-79983169	9	1202	TRUE	0.856	-0.2027916751775205	FALSE	1053	66	0.011803309426709792
ENSG00000141759	chr18:79982669-79983169	912	85029	TRUE	3.068576509970085e-7	-0.40932535412897986	TRUE	1053	67	2.5992968640135
ENSG00000261126	chr18:79982669-79983169	7	558	TRUE	0.104	-1.4799615482787951	FALSE	1053	67	0.005475085548211691
ENSG00000274828	chr18:79982669-79983169	19	2945	TRUE	0.18	-0.3441549295622952	FALSE	1053	67	0.02965358833731777
ENSG00000060069	chr18:79982669-79983169	36	3663	TRUE	0.184	-0.5389819293450024	FALSE	1053	67	0.0371162049407022
ENSG00000101546	chr18:79982669-79983169	384	32338	TRUE	0.38	-0.18667194952587374	FALSE	1053	67	0.3974874607415741
ENSG00000267127	chr18:79982669-79983169	9	1202	TRUE	0.388	0.21224582410132342	FALSE	1053	67	0.011803309426709792
ENSG00000279077	chr18:79982669-79983169	8	545	TRUE	0.444	0.19794777426738097	FALSE	1053	67	0.0054000843763183795
ENSG00000279474	chr18:79982669-79983169	8	483	TRUE	0.5	0.42005211192006264	FALSE	1053	67	0.004687573243331927
ENSG00000101544	chr18:79982669-79983169	131	11428	TRUE	0.512	-0.20038405639296242	FALSE	1053	67	0.12104251628931702
ENSG00000267655	chr18:79982669-79983169	9	386	TRUE	0.548	0.00686463578062213	FALSE	1053	67	0.0038719354989921718
ENSG00000122490	chr18:79982669-79983169	90	7719	TRUE	0.796	-0.1525785421279462	FALSE	1053	67	0.08160127501992219
ENSG00000278000	chr18:79982669-79983169	11	1079	TRUE	0.796	-0.11880408654607866	FALSE	1053	67	0.01084704448507008
ENSG00000178184	chr18:79982669-79983169	27	2484	TRUE	0.86	-0.06896678184557192	FALSE	1053	67	0.02501289082641916
ENSG00000166377	chr18:79982669-79983169	26	2208	TRUE	0.892	-0.16166242359074356	FALSE	1053	67	0.02225659775933999
ENSG00000131196	chr18:79982669-79983169	49	4693	TRUE	0.972	-0.18878172386183234	FALSE	1053	67	0.048010125158205595
ENSG00000101546	chr18:79982669-79983169	384	32338	TRUE	1.5273581680838502e-4	-0.39566651564677824	TRUE	1053	68	0.3974874607415741
ENSG00000141759	chr18:79982669-79983169	912	85029	TRUE	0.020862357373277143	-0.30206438746883824	FALSE	1053	68	2.5992968640135
ENSG00000131196	chr18:79982669-79983169	49	4693	TRUE	0.024	-0.7451750723862176	FALSE	1053	68	0.048010125158205595
ENSG00000101544	chr18:79982669-79983169	131	11428	TRUE	0.152	-0.3270174949239797	FALSE	1053	68	0.12104251628931702
ENSG00000178184	chr18:79982669-79983169	27	2484	TRUE	0.16	-0.5019261891216775	FALSE	1053	68	0.02501289082641916
ENSG00000166377	chr18:79982669-79983169	26	2208	TRUE	0.168	-0.5336312009777009	FALSE	1053	68	0.02225659775933999
ENSG00000278000	chr18:79982669-79983169	11	1079	TRUE	0.352	0.36662274062416245	FALSE	1053	68	0.01084704448507008
ENSG00000274828	chr18:79982669-79983169	19	2945	TRUE	0.392	-0.17422992811998306	FALSE	1053	68	0.02965358833731777
ENSG00000060069	chr18:79982669-79983169	36	3663	TRUE	0.4	-0.44878412037342397	FALSE	1053	68	0.0371162049407022
ENSG00000261126	chr18:79982669-79983169	7	558	TRUE	0.46	0.5200384517212049	FALSE	1053	68	0.005475085548211691
ENSG00000267655	chr18:79982669-79983169	9	386	TRUE	0.58	-0.7301009583855844	FALSE	1053	68	0.0038719354989921718
ENSG00000122490	chr18:79982669-79983169	90	7719	TRUE	0.64	-0.2544581561471597	FALSE	1053	68	0.08160127501992219
ENSG00000279474	chr18:79982669-79983169	8	483	TRUE	0.74	-0.3873028101375411	FALSE	1053	68	0.004687573243331927
ENSG00000279077	chr18:79982669-79983169	8	545	TRUE	0.872	-0.024444647069066683	FALSE	1053	68	0.0054000843763183795
ENSG00000267127	chr18:79982669-79983169	9	1202	TRUE	0.988	-0.2027916751775205	FALSE	1053	68	0.011803309426709792
ENSG00000141759	chr18:79982669-79983169	912	85029	TRUE	8.67688524734805e-17	-0.5888893566373831	TRUE	1053	69	2.5992968640135
ENSG00000101546	chr18:79982669-79983169	384	32338	TRUE	0.0031080930111459237	-0.33745190170148276	TRUE	1053	69	0.3974874607415741
ENSG00000060069	chr18:79982669-79983169	36	3663	TRUE	0.009772180136434994	-0.9696162836748643	TRUE	1053	69	0.0371162049407022
ENSG00000178184	chr18:79982669-79983169	27	2484	TRUE	0.028503931703275087	-0.9169636884005214	FALSE	1053	69	0.02501289082641916
ENSG00000122490	chr18:79982669-79983169	90	7719	TRUE	0.04	-0.545920970307471	FALSE	1053	69	0.08160127501992219
ENSG00000131196	chr18:79982669-79983169	49	4693	TRUE	0.048	0.2117562057218958	FALSE	1053	69	0.048010125158205595
ENSG00000274828	chr18:79982669-79983169	19	2945	TRUE	0.088	-0.46968581164615397	FALSE	1053	69	0.02965358833731777
ENSG00000278000	chr18:79982669-79983169	11	1079	TRUE	0.124	-0.8557696807122852	FALSE	1053	69	0.01084704448507008
ENSG00000267127	chr18:79982669-79983169	9	1202	TRUE	0.184	-0.9803992538410728	FALSE	1053	69	0.011803309426709792
ENSG00000101544	chr18:79982669-79983169	131	11428	TRUE	0.24	-0.2750228572857183	FALSE	1053	69	0.12104251628931702
ENSG00000279077	chr18:79982669-79983169	8	545	TRUE	0.42	-1.0244446470690667	FALSE	1053	69	0.0054000843763183795
ENSG00000279474	chr18:79982669-79983169	8	483	TRUE	0.46	0.42005211192006264	FALSE	1053	69	0.004687573243331927
ENSG00000261126	chr18:79982669-79983169	7	558	TRUE	0.488	-0.4799615482787951	FALSE	1053	69	0.005475085548211691
ENSG00000166377	chr18:79982669-79983169	26	2208	TRUE	0.768	-0.22877661944928018	FALSE	1053	69	0.02225659775933999
ENSG00000267655	chr18:79982669-79983169	9	386	TRUE	0.972	-0.3150634591067405	FALSE	1053	69	0.0038719354989921718
ENSG00000101546	chr18:79982669-79983169	384	32338	TRUE	1.5106747334771569e-5	-0.4696670970905552	TRUE	1053	70	0.3974874607415741
ENSG00000141759	chr18:79982669-79983169	912	85029	TRUE	4e-4	-0.3752372948099876	TRUE	1053	70	2.5992968640135
ENSG00000278000	chr18:79982669-79983169	11	1079	TRUE	0.028	-1.4407321814334413	FALSE	1053	70	0.01084704448507008
ENSG00000101544	chr18:79982669-79983169	131	11428	TRUE	0.072	-0.3270174949239797	FALSE	1053	70	0.12104251628931702
ENSG00000279474	chr18:79982669-79983169	8	483	TRUE	0.1	-2.387302810137541	FALSE	1053	70	0.004687573243331927
ENSG00000267655	chr18:79982669-79983169	9	386	TRUE	0.14	-2.3150634591067405	FALSE	1053	70	0.0038719354989921718
ENSG00000261126	chr18:79982669-79983169	7	558	TRUE	0.216	-0.894999047557639	FALSE	1053	70	0.005475085548211691
ENSG00000279077	chr18:79982669-79983169	8	545	TRUE	0.216	-1.6094071477902228	FALSE	1053	70	0.0054000843763183795
ENSG00000122490	chr18:79982669-79983169	90	7719	TRUE	0.268	-0.40255679513629383	FALSE	1053	70	0.08160127501992219
ENSG00000267127	chr18:79982669-79983169	9	1202	TRUE	0.368	-0.6178291744563644	FALSE	1053	70	0.011803309426709792
ENSG00000131196	chr18:79982669-79983169	49	4693	TRUE	0.4	-0.3732062949992603	FALSE	1053	70	0.048010125158205595
ENSG00000166377	chr18:79982669-79983169	26	2208	TRUE	0.588	-0.29916594734067825	FALSE	1053	70	0.02225659775933999
ENSG00000274828	chr18:79982669-79983169	19	2945	TRUE	0.636	-0.07113643515587942	FALSE	1053	70	0.02965358833731777
ENSG00000178184	chr18:79982669-79983169	27	2484	TRUE	0.684	-0.23889178328788407	FALSE	1053	70	0.02501289082641916
ENSG00000060069	chr18:79982669-79983169	36	3663	TRUE	0.852	-0.20777602086962865	FALSE	1053	70	0.0371162049407022
ENSG00000141759	chr18:79982669-79983169	912	85029	TRUE	4e-4	-0.37110603189848956	TRUE	1053	71	2.5992968640135
ENSG00000101546	chr18:79982669-79983169	384	32338	TRUE	7.604881789153497e-4	-0.36626559920621915	TRUE	1053	71	0.3974874607415741
ENSG00000101544	chr18:79982669-79983169	131	11428	TRUE	0.04	-0.4087012925176876	FALSE	1053	71	0.12104251628931702
ENSG00000131196	chr18:79982669-79983169	49	4693	TRUE	0.116	-0.5472356947743089	FALSE	1053	71	0.048010125158205595
ENSG00000122490	chr18:79982669-79983169	90	7719	TRUE	0.144	-0.4420851593229309	FALSE	1053	71	0.08160127501992219
ENSG00000178184	chr18:79982669-79983169	27	2484	TRUE	0.156	-0.5019261891216775	FALSE	1053	71	0.02501289082641916
ENSG00000267655	chr18:79982669-79983169	9	386	TRUE	0.328	-1.3150634591067405	FALSE	1053	71	0.0038719354989921718
ENSG00000279077	chr18:79982669-79983169	8	545	TRUE	0.472	0.19794777426738097	FALSE	1053	71	0.0054000843763183795
ENSG00000261126	chr18:79982669-79983169	7	558	TRUE	0.6	0.3273933737788086	FALSE	1053	71	0.005475085548211691
ENSG00000166377	chr18:79982669-79983169	26	2208	TRUE	0.608	0.13379345993542735	FALSE	1053	71	0.02225659775933999
ENSG00000278000	chr18:79982669-79983169	11	1079	TRUE	0.612	-0.27080717999112913	FALSE	1053	71	0.01084704448507008
ENSG00000274828	chr18:79982669-79983169	19	2945	TRUE	0.616	0.1583454109668887	FALSE	1053	71	0.02965358833731777
ENSG00000267127	chr18:79982669-79983169	9	1202	TRUE	0.62	-0.32832255726137927	FALSE	1053	71	0.011803309426709792
ENSG00000060069	chr18:79982669-79983169	36	3663	TRUE	0.636	-0.363895222786911	FALSE	1053	71	0.0371162049407022
ENSG00000279474	chr18:79982669-79983169	8	483	TRUE	0.696	-0.06537471525017846	FALSE	1053	71	0.004687573243331927
ENSG00000274828	chr18:79982669-79983169	19	2945	TRUE	4.346425492989317e-5	-1.6071893353960887	TRUE	1053	72	0.02965358833731777
ENSG00000101546	chr18:79982669-79983169	384	32338	TRUE	0.0025345520390205704	-0.32932402081808254	TRUE	1053	72	0.3974874607415741
ENSG00000122490	chr18:79982669-79983169	90	7719	TRUE	0.019800429454093882	-0.5896423477367891	TRUE	1053	72	0.08160127501992219
ENSG00000141759	chr18:79982669-79983169	912	85029	TRUE	0.0236	-0.30712944255169505	TRUE	1053	72	2.5992968640135
ENSG00000279077	chr18:79982669-79983169	8	545	TRUE	0.044	-2.6094071477902228	FALSE	1053	72	0.0054000843763183795
ENSG00000267127	chr18:79982669-79983169	9	1202	TRUE	0.076	-0.9803992538410728	FALSE	1053	72	0.011803309426709792
ENSG00000267655	chr18:79982669-79983169	9	386	TRUE	0.184	-2.3150634591067405	FALSE	1053	72	0.0038719354989921718
ENSG00000060069	chr18:79982669-79983169	36	3663	TRUE	0.188	-0.5389819293450024	FALSE	1053	72	0.0371162049407022
ENSG00000166377	chr18:79982669-79983169	26	2208	TRUE	0.296	-0.37316652878445566	FALSE	1053	72	0.02225659775933999
ENSG00000261126	chr18:79982669-79983169	7	558	TRUE	0.348	-0.894999047557639	FALSE	1053	72	0.005475085548211691
ENSG00000101544	chr18:79982669-79983169	131	11428	TRUE	0.376	-0.212558770339065	FALSE	1053	72	0.12104251628931702
ENSG00000278000	chr18:79982669-79983169	11	1079	TRUE	0.428	-0.4407321814334413	FALSE	1053	72	0.01084704448507008
ENSG00000131196	chr18:79982669-79983169	49	4693	TRUE	0.672	-0.07775041147308936	FALSE	1053	72	0.048010125158205595
ENSG00000178184	chr18:79982669-79983169	27	2484	TRUE	0.716	-0.06896678184557192	FALSE	1053	72	0.02501289082641916
ENSG00000279474	chr18:79982669-79983169	8	483	TRUE	0.96	-0.3873028101375411	FALSE	1053	72	0.004687573243331927
ENSG00000141759	chr18:79982669-79983169	912	85029	TRUE	8.17539246150618e-8	-0.4386693157111241	TRUE	1053	73	2.5992968640135
ENSG00000101544	chr18:79982669-79983169	131	11428	TRUE	9.459188461574501e-5	-0.6858108835632044	TRUE	1053	73	0.12104251628931702
ENSG00000122490	chr18:79982669-79983169	90	7719	TRUE	0.019639486961953917	-0.5896423477367891	TRUE	1053	73	0.08160127501992219
ENSG00000060069	chr18:79982669-79983169	36	3663	TRUE	0.028	-0.8493220499571521	FALSE	1053	73	0.0371162049407022
ENSG00000166377	chr18:79982669-79983169	26	2208	TRUE	0.06	-0.6210940422280409	FALSE	1053	73	0.02225659775933999
ENSG00000279077	chr18:79982669-79983169	8	545	TRUE	0.112	0.5605178536520894	FALSE	1053	73	0.0054000843763183795
ENSG00000178184	chr18:79982669-79983169	27	2484	TRUE	0.2	0.17614571599095985	FALSE	1053	73	0.02501289082641916
ENSG00000101546	chr18:79982669-79983169	384	32338	TRUE	0.532	-0.16120126200975538	FALSE	1053	73	0.3974874607415741
ENSG00000267127	chr18:79982669-79983169	9	1202	TRUE	0.68	-0.46582608101131395	FALSE	1053	73	0.011803309426709792
ENSG00000279474	chr18:79982669-79983169	8	483	TRUE	0.704	-0.3873028101375411	FALSE	1053	73	0.004687573243331927
ENSG00000274828	chr18:79982669-79983169	19	2945	TRUE	0.732	0.1152766890750021	FALSE	1053	73	0.02965358833731777
ENSG00000267655	chr18:79982669-79983169	9	386	TRUE	0.78	-0.7301009583855844	FALSE	1053	73	0.0038719354989921718
ENSG00000131196	chr18:79982669-79983169	49	4693	TRUE	0.804	-0.24767541291540152	FALSE	1053	73	0.048010125158205595
ENSG00000278000	chr18:79982669-79983169	11	1079	TRUE	0.936	-0.11880408654607866	FALSE	1053	73	0.01084704448507008
ENSG00000261126	chr18:79982669-79983169	7	558	TRUE	0.984	0.10500095244236096	FALSE	1053	73	0.005475085548211691
ENSG00000141759	chr18:79982669-79983169	912	85029	TRUE	4e-4	-0.4467204357823338	TRUE	1053	74	2.5992968640135
ENSG00000101546	chr18:79982669-79983169	384	32338	TRUE	0.026933070451624595	-0.2620256315292424	FALSE	1053	74	0.3974874607415741
ENSG00000122490	chr18:79982669-79983169	90	7719	TRUE	0.044	-0.524547319514904	FALSE	1053	74	0.08160127501992219
ENSG00000166377	chr18:79982669-79983169	26	2208	TRUE	0.076	-0.8137391201704371	FALSE	1053	74	0.02225659775933999
ENSG00000131196	chr18:79982669-79983169	49	4693	TRUE	0.136	-0.510709818749195	FALSE	1053	74	0.048010125158205595
ENSG00000101544	chr18:79982669-79983169	131	11428	TRUE	0.216	-0.2750228572857183	FALSE	1053	74	0.12104251628931702
ENSG00000261126	chr18:79982669-79983169	7	558	TRUE	0.288	-0.894999047557639	FALSE	1053	74	0.005475085548211691
ENSG00000274828	chr18:79982669-79983169	19	2945	TRUE	0.708	-0.07113643515587942	FALSE	1053	74	0.02965358833731777
ENSG00000267127	chr18:79982669-79983169	9	1202	TRUE	0.716	0.01960074615892715	FALSE	1053	74	0.011803309426709792
ENSG00000279474	chr18:79982669-79983169	8	483	TRUE	0.732	-0.06537471525017846	FALSE	1053	74	0.004687573243331927
ENSG00000267655	chr18:79982669-79983169	9	386	TRUE	0.748	-0.7301009583855844	FALSE	1053	74	0.0038719354989921718
ENSG00000278000	chr18:79982669-79983169	11	1079	TRUE	0.76	-0.11880408654607866	FALSE	1053	74	0.01084704448507008
ENSG00000178184	chr18:79982669-79983169	27	2484	TRUE	0.844	-0.06896678184557192	FALSE	1053	74	0.02501289082641916
ENSG00000060069	chr18:79982669-79983169	36	3663	TRUE	0.856	-0.28372487410292724	FALSE	1053	74	0.0371162049407022
ENSG00000279077	chr18:79982669-79983169	8	545	TRUE	0.932	-0.28747905290286013	FALSE	1053	74	0.0054000843763183795
ENSG00000141759	chr18:79982669-79983169	912	85029	TRUE	3.0230540249640766e-12	-0.5017894017479512	TRUE	1053	75	2.5992968640135
ENSG00000101546	chr18:79982669-79983169	384	32338	TRUE	3.943657929859586e-8	-0.5476696090918283	TRUE	1053	75	0.3974874607415741
ENSG00000122490	chr18:79982669-79983169	90	7719	TRUE	0.032	-0.545920970307471	FALSE	1053	75	0.08160127501992219
ENSG00000101544	chr18:79982669-79983169	131	11428	TRUE	0.036	-0.4227764777294105	FALSE	1053	75	0.12104251628931702
ENSG00000131196	chr18:79982669-79983169	49	4693	TRUE	0.124	-0.5847104001929724	FALSE	1053	75	0.048010125158205595
ENSG00000166377	chr18:79982669-79983169	26	2208	TRUE	0.2	-0.4511690407857287	FALSE	1053	75	0.02225659775933999
ENSG00000178184	chr18:79982669-79983169	27	2484	TRUE	0.284	0.17614571599095985	FALSE	1053	75	0.02501289082641916
ENSG00000274828	chr18:79982669-79983169	19	2945	TRUE	0.324	-0.22867771214235955	FALSE	1053	75	0.02965358833731777
ENSG00000279077	chr18:79982669-79983169	8	545	TRUE	0.388	0.39059285220977724	FALSE	1053	75	0.0054000843763183795
ENSG00000261126	chr18:79982669-79983169	7	558	TRUE	0.54	0.3273933737788086	FALSE	1053	75	0.005475085548211691
ENSG00000279474	chr18:79982669-79983169	8	483	TRUE	0.64	0.197659690583615	FALSE	1053	75	0.004687573243331927
ENSG00000278000	chr18:79982669-79983169	11	1079	TRUE	0.712	-0.11880408654607866	FALSE	1053	75	0.01084704448507008
ENSG00000060069	chr18:79982669-79983169	36	3663	TRUE	0.76	-0.13562623511379357	FALSE	1053	75	0.0371162049407022
ENSG00000267655	chr18:79982669-79983169	9	386	TRUE	0.88	-0.3150634591067405	FALSE	1053	75	0.0038719354989921718
ENSG00000267127	chr18:79982669-79983169	9	1202	TRUE	0.904	-0.32832255726137927	FALSE	1053	75	0.011803309426709792
ENSG00000141759	chr18:79982669-79983169	912	85029	TRUE	2.6151360375416145e-13	-0.5186632203123476	TRUE	1053	76	2.5992968640135
ENSG00000060069	chr18:79982669-79983169	36	3663	TRUE	0.0014162809262766307	-1.1008608169531167	TRUE	1053	76	0.0371162049407022
ENSG00000101546	chr18:79982669-79983169	384	32338	TRUE	0.0028499941590925462	-0.34973023147991955	TRUE	1053	76	0.3974874607415741
ENSG00000101544	chr18:79982669-79983169	131	11428	TRUE	0.036	-0.38095630203478326	FALSE	1053	76	0.12104251628931702
ENSG00000278000	chr18:79982669-79983169	11	1079	TRUE	0.328	-0.4407321814334413	FALSE	1053	76	0.01084704448507008
ENSG00000267655	chr18:79982669-79983169	9	386	TRUE	0.348	-1.3150634591067405	FALSE	1053	76	0.0038719354989921718
ENSG00000267127	chr18:79982669-79983169	9	1202	TRUE	0.388	0.21224582410132342	FALSE	1053	76	0.011803309426709792
ENSG00000261126	chr18:79982669-79983169	7	558	TRUE	0.444	0.3273933737788086	FALSE	1053	76	0.005475085548211691
ENSG00000178184	chr18:79982669-79983169	27	2484	TRUE	0.496	0.08303631159947855	FALSE	1053	76	0.02501289082641916
ENSG00000274828	chr18:79982669-79983169	19	2945	TRUE	0.608	-0.07113643515587942	FALSE	1053	76	0.02965358833731777
ENSG00000131196	chr18:79982669-79983169	49	4693	TRUE	0.636	-0.30907595757954454	FALSE	1053	76	0.048010125158205595
ENSG00000279474	chr18:79982669-79983169	8	483	TRUE	0.648	-0.802340309416385	FALSE	1053	76	0.004687573243331927
ENSG00000279077	chr18:79982669-79983169	8	545	TRUE	0.664	-0.28747905290286013	FALSE	1053	76	0.0054000843763183795
ENSG00000166377	chr18:79982669-79983169	26	2208	TRUE	0.716	-0.16166242359074356	FALSE	1053	76	0.02225659775933999
ENSG00000122490	chr18:79982669-79983169	90	7719	TRUE	0.756	-0.2900820658778813	FALSE	1053	76	0.08160127501992219
ENSG00000141759	chr18:79982669-79983169	912	85029	TRUE	3.3670044836051245e-4	-0.36112194332586767	TRUE	1053	77	2.5992968640135
ENSG00000122490	chr18:79982669-79983169	90	7719	TRUE	0.018205040791691607	-0.6120101607652435	FALSE	1053	77	0.08160127501992219
ENSG00000101546	chr18:79982669-79983169	384	32338	TRUE	0.056	-0.25816299189684333	FALSE	1053	77	0.3974874607415741
ENSG00000178184	chr18:79982669-79983169	27	2484	TRUE	0.1	-0.653929282566728	FALSE	1053	77	0.02501289082641916
ENSG00000131196	chr18:79982669-79983169	49	4693	TRUE	0.116	-0.4750859090184738	FALSE	1053	77	0.048010125158205595
ENSG00000261126	chr18:79982669-79983169	7	558	TRUE	0.148	-1.4799615482787951	FALSE	1053	77	0.005475085548211691
ENSG00000267127	chr18:79982669-79983169	9	1202	TRUE	0.168	-0.7877541758986766	FALSE	1053	77	0.011803309426709792
ENSG00000060069	chr18:79982669-79983169	36	3663	TRUE	0.288	-0.44878412037342397	FALSE	1053	77	0.0371162049407022
ENSG00000279077	chr18:79982669-79983169	8	545	TRUE	0.436	-0.6094071477902228	FALSE	1053	77	0.0054000843763183795
ENSG00000279474	chr18:79982669-79983169	8	483	TRUE	0.492	-0.802340309416385	FALSE	1053	77	0.004687573243331927
ENSG00000267655	chr18:79982669-79983169	9	386	TRUE	0.624	-0.7301009583855844	FALSE	1053	77	0.0038719354989921718
ENSG00000101544	chr18:79982669-79983169	131	11428	TRUE	0.716	-0.11792189620098936	FALSE	1053	77	0.12104251628931702
ENSG00000274828	chr18:79982669-79983169	19	2945	TRUE	0.888	0.02507888010342363	FALSE	1053	77	0.02965358833731777
ENSG00000278000	chr18:79982669-79983169	11	1079	TRUE	0.988	0.01869943720385603	FALSE	1053	77	0.01084704448507008
ENSG00000166377	chr18:79982669-79983169	26	2208	TRUE	1	-0.09753208617102782	FALSE	1053	77	0.02225659775933999
ENSG00000101546	chr18:79982669-79983169	384	32338	TRUE	7.359717328337377e-7	-0.5058494333972012	TRUE	1053	78	0.3974874607415741
ENSG00000141759	chr18:79982669-79983169	912	85029	TRUE	1.8736454381106842e-5	-0.38591518513979506	TRUE	1053	78	2.5992968640135
ENSG00000267655	chr18:79982669-79983169	9	386	TRUE	0.032	-Inf	FALSE	1053	78	0.0038719354989921718
ENSG00000101544	chr18:79982669-79983169	131	11428	TRUE	0.04314281221557789	-0.3537348332997592	FALSE	1053	78	0.12104251628931702
ENSG00000279077	chr18:79982669-79983169	8	545	TRUE	0.1	-2.6094071477902228	FALSE	1053	78	0.0054000843763183795
ENSG00000279474	chr18:79982669-79983169	8	483	TRUE	0.112	0.6126971898624589	FALSE	1053	78	0.004687573243331927
ENSG00000131196	chr18:79982669-79983169	49	4693	TRUE	0.128	-0.510709818749195	FALSE	1053	78	0.048010125158205595
ENSG00000261126	chr18:79982669-79983169	7	558	TRUE	0.224	0.689963453163517	FALSE	1053	78	0.005475085548211691
ENSG00000274828	chr18:79982669-79983169	19	2945	TRUE	0.252	-0.28526124050872603	FALSE	1053	78	0.02965358833731777
ENSG00000060069	chr18:79982669-79983169	36	3663	TRUE	0.408	-0.44878412037342397	FALSE	1053	78	0.0371162049407022
ENSG00000267127	chr18:79982669-79983169	9	1202	TRUE	0.5	0.01960074615892715	FALSE	1053	78	0.011803309426709792
ENSG00000166377	chr18:79982669-79983169	26	2208	TRUE	0.52	-0.29916594734067825	FALSE	1053	78	0.02225659775933999
ENSG00000122490	chr18:79982669-79983169	90	7719	TRUE	0.532	-0.2544581561471597	FALSE	1053	78	0.08160127501992219
ENSG00000178184	chr18:79982669-79983169	27	2484	TRUE	0.752	-0.23889178328788407	FALSE	1053	78	0.02501289082641916
ENSG00000278000	chr18:79982669-79983169	11	1079	TRUE	0.816	0.01869943720385603	FALSE	1053	78	0.01084704448507008
ENSG00000141759	chr18:79982669-79983169	912	85029	TRUE	4.072285980114465e-6	-0.3990741863607252	TRUE	1053	79	2.5992968640135
ENSG00000101546	chr18:79982669-79983169	384	32338	TRUE	0.005765808613513536	-0.3012317137887295	TRUE	1053	79	0.3974874607415741
ENSG00000060069	chr18:79982669-79983169	36	3663	TRUE	0.024	-0.8493220499571521	FALSE	1053	79	0.0371162049407022
ENSG00000274828	chr18:79982669-79983169	19	2945	TRUE	0.028	0.5627356660462235	FALSE	1053	79	0.02965358833731777
ENSG00000101544	chr18:79982669-79983169	131	11428	TRUE	0.04	-0.39476210155981395	FALSE	1053	79	0.12104251628931702
ENSG00000278000	chr18:79982669-79983169	11	1079	TRUE	0.168	-0.6333772593758376	FALSE	1053	79	0.01084704448507008
ENSG00000279077	chr18:79982669-79983169	8	545	TRUE	0.168	-1.6094071477902228	FALSE	1053	79	0.0054000843763183795
ENSG00000267127	chr18:79982669-79983169	9	1202	TRUE	0.312	-0.7877541758986766	FALSE	1053	79	0.011803309426709792
ENSG00000178184	chr18:79982669-79983169	27	2484	TRUE	0.36	-0.36442266537174284	FALSE	1053	79	0.02501289082641916
ENSG00000267655	chr18:79982669-79983169	9	386	TRUE	0.488	-0.7301009583855844	FALSE	1053	79	0.0038719354989921718
ENSG00000131196	chr18:79982669-79983169	49	4693	TRUE	0.492	-0.27804906195892	FALSE	1053	79	0.048010125158205595
ENSG00000261126	chr18:79982669-79983169	7	558	TRUE	0.532	0.3273933737788086	FALSE	1053	79	0.005475085548211691
ENSG00000122490	chr18:79982669-79983169	90	7719	TRUE	0.54	-0.2900820658778813	FALSE	1053	79	0.08160127501992219
ENSG00000279474	chr18:79982669-79983169	8	483	TRUE	0.936	-0.802340309416385	FALSE	1053	79	0.004687573243331927
ENSG00000166377	chr18:79982669-79983169	26	2208	TRUE	0.988	-0.09753208617102782	FALSE	1053	79	0.02225659775933999
ENSG00000101546	chr18:79982669-79983169	384	32338	TRUE	1.3242295057454105e-4	-0.39142952276030774	TRUE	1053	80	0.3974874607415741
ENSG00000141759	chr18:79982669-79983169	912	85029	TRUE	5.673299451071428e-4	-0.35236946931690394	TRUE	1053	80	2.5992968640135
ENSG00000274828	chr18:79982669-79983169	19	2945	TRUE	0.005031067019107036	-0.9291174302834513	TRUE	1053	80	0.02965358833731777
ENSG00000131196	chr18:79982669-79983169	49	4693	TRUE	0.044	-0.5847104001929724	FALSE	1053	80	0.048010125158205595
ENSG00000122490	chr18:79982669-79983169	90	7719	TRUE	0.068	-0.5034857039870744	FALSE	1053	80	0.08160127501992219
ENSG00000166377	chr18:79982669-79983169	26	2208	TRUE	0.164	-0.5336312009777009	FALSE	1053	80	0.02225659775933999
ENSG00000178184	chr18:79982669-79983169	27	2484	TRUE	0.228	-0.43153686123027946	FALSE	1053	80	0.02501289082641916
ENSG00000279474	chr18:79982669-79983169	8	483	TRUE	0.548	0.42005211192006264	FALSE	1053	80	0.004687573243331927
ENSG00000267655	chr18:79982669-79983169	9	386	TRUE	0.572	-0.7301009583855844	FALSE	1053	80	0.0038719354989921718
ENSG00000261126	chr18:79982669-79983169	7	558	TRUE	0.704	-0.4799615482787951	FALSE	1053	80	0.005475085548211691
ENSG00000060069	chr18:79982669-79983169	36	3663	TRUE	0.876	-0.24525072628829214	FALSE	1053	80	0.0371162049407022
ENSG00000267127	chr18:79982669-79983169	9	1202	TRUE	0.888	-0.2027916751775205	FALSE	1053	80	0.011803309426709792
ENSG00000278000	chr18:79982669-79983169	11	1079	TRUE	0.924	0.01869943720385603	FALSE	1053	80	0.01084704448507008
ENSG00000101544	chr18:79982669-79983169	131	11428	TRUE	0.996	-0.11792189620098936	FALSE	1053	80	0.12104251628931702
ENSG00000279077	chr18:79982669-79983169	8	545	TRUE	1	-0.28747905290286013	FALSE	1053	80	0.0054000843763183795
ENSG00000101546	chr18:79982669-79983169	384	32338	TRUE	6.754529606530987e-5	-0.4431136780492386	TRUE	1053	81	0.3974874607415741
ENSG00000141759	chr18:79982669-79983169	912	85029	TRUE	4e-4	-0.4787467550864595	TRUE	1053	81	2.5992968640135
ENSG00000122490	chr18:79982669-79983169	90	7719	TRUE	0.0033010453112006302	-0.7540291656376716	TRUE	1053	81	0.08160127501992219
ENSG00000267127	chr18:79982669-79983169	9	1202	TRUE	0.116	-1.2027916751775205	FALSE	1053	81	0.011803309426709792
ENSG00000060069	chr18:79982669-79983169	36	3663	TRUE	0.188	-0.5389819293450024	FALSE	1053	81	0.0371162049407022
ENSG00000101544	chr18:79982669-79983169	131	11428	TRUE	0.224	-0.2497117687565309	FALSE	1053	81	0.12104251628931702
ENSG00000178184	chr18:79982669-79983169	27	2484	TRUE	0.288	-0.43153686123027946	FALSE	1053	81	0.02501289082641916
ENSG00000279474	chr18:79982669-79983169	8	483	TRUE	0.408	0.42005211192006264	FALSE	1053	81	0.004687573243331927
ENSG00000274828	chr18:79982669-79983169	19	2945	TRUE	0.504	0.1583454109668887	FALSE	1053	81	0.02965358833731777
ENSG00000267655	chr18:79982669-79983169	9	386	TRUE	0.604	-0.7301009583855844	FALSE	1053	81	0.0038719354989921718
ENSG00000278000	chr18:79982669-79983169	11	1079	TRUE	0.676	-0.11880408654607866	FALSE	1053	81	0.01084704448507008
ENSG00000279077	chr18:79982669-79983169	8	545	TRUE	0.788	0.19794777426738097	FALSE	1053	81	0.0054000843763183795
ENSG00000261126	chr18:79982669-79983169	7	558	TRUE	0.808	0.3273933737788086	FALSE	1053	81	0.005475085548211691
ENSG00000166377	chr18:79982669-79983169	26	2208	TRUE	0.884	-0.09753208617102782	FALSE	1053	81	0.02225659775933999
ENSG00000131196	chr18:79982669-79983169	49	4693	TRUE	0.964	-0.18878172386183234	FALSE	1053	81	0.048010125158205595
ENSG00000141759	chr18:79982669-79983169	912	85029	TRUE	4.115678166244232e-7	-0.43189174806797115	TRUE	1053	82	2.5992968640135
ENSG00000101546	chr18:79982669-79983169	384	32338	TRUE	7.888695289874452e-4	-0.34973023147991955	TRUE	1053	82	0.3974874607415741
ENSG00000060069	chr18:79982669-79983169	36	3663	TRUE	0.007512026031871899	-0.9696162836748643	TRUE	1053	82	0.0371162049407022
ENSG00000101544	chr18:79982669-79983169	131	11428	TRUE	0.036	-0.4369903369491115	FALSE	1053	82	0.12104251628931702
ENSG00000279474	chr18:79982669-79983169	8	483	TRUE	0.152	0.9346252847498215	FALSE	1053	82	0.004687573243331927
ENSG00000278000	chr18:79982669-79983169	11	1079	TRUE	0.18	-0.6333772593758376	FALSE	1053	82	0.01084704448507008
ENSG00000131196	chr18:79982669-79983169	49	4693	TRUE	0.384	-0.3732062949992603	FALSE	1053	82	0.048010125158205595
ENSG00000261126	chr18:79982669-79983169	7	558	TRUE	0.452	0.3273933737788086	FALSE	1053	82	0.005475085548211691
ENSG00000274828	chr18:79982669-79983169	19	2945	TRUE	0.46	-0.17422992811998306	FALSE	1053	82	0.02965358833731777
ENSG00000178184	chr18:79982669-79983169	27	2484	TRUE	0.56	-0.23889178328788407	FALSE	1053	82	0.02501289082641916
ENSG00000122490	chr18:79982669-79983169	90	7719	TRUE	0.656	-0.3082294125881404	FALSE	1053	82	0.08160127501992219
ENSG00000267127	chr18:79982669-79983169	9	1202	TRUE	0.7	0.01960074615892715	FALSE	1053	82	0.011803309426709792
ENSG00000166377	chr18:79982669-79983169	26	2208	TRUE	0.708	-0.16166242359074356	FALSE	1053	82	0.02225659775933999
ENSG00000267655	chr18:79982669-79983169	9	386	TRUE	0.728	-0.3150634591067405	FALSE	1053	82	0.0038719354989921718
ENSG00000279077	chr18:79982669-79983169	8	545	TRUE	0.828	-0.28747905290286013	FALSE	1053	82	0.0054000843763183795
ENSG00000101546	chr18:79982669-79983169	384	32338	TRUE	7.619404079828493e-8	-0.5714377750247779	TRUE	1053	83	0.3974874607415741
ENSG00000141759	chr18:79982669-79983169	912	85029	TRUE	4e-4	-0.4196498838565268	TRUE	1053	83	2.5992968640135
ENSG00000101544	chr18:79982669-79983169	131	11428	TRUE	0.017886308442759305	-0.4513456299261813	TRUE	1053	83	0.12104251628931702
ENSG00000274828	chr18:79982669-79983169	19	2945	TRUE	0.056	-0.5368000075046906	FALSE	1053	83	0.02965358833731777
ENSG00000060069	chr18:79982669-79983169	36	3663	TRUE	0.108	-0.6858233176742736	FALSE	1053	83	0.0371162049407022
ENSG00000261126	chr18:79982669-79983169	7	558	TRUE	0.108	-1.4799615482787951	FALSE	1053	83	0.005475085548211691
ENSG00000131196	chr18:79982669-79983169	49	4693	TRUE	0.156	-0.4750859090184738	FALSE	1053	83	0.048010125158205595
ENSG00000122490	chr18:79982669-79983169	90	7719	TRUE	0.16	-0.4420851593229309	FALSE	1053	83	0.08160127501992219
ENSG00000267127	chr18:79982669-79983169	9	1202	TRUE	0.24	-0.7877541758986766	FALSE	1053	83	0.011803309426709792
ENSG00000166377	chr18:79982669-79983169	26	2208	TRUE	0.54	-0.29916594734067825	FALSE	1053	83	0.02225659775933999
ENSG00000267655	chr18:79982669-79983169	9	386	TRUE	0.684	0.00686463578062213	FALSE	1053	83	0.0038719354989921718
ENSG00000279474	chr18:79982669-79983169	8	483	TRUE	0.732	0.197659690583615	FALSE	1053	83	0.004687573243331927
ENSG00000278000	chr18:79982669-79983169	11	1079	TRUE	0.912	0.01869943720385603	FALSE	1053	83	0.01084704448507008
ENSG00000279077	chr18:79982669-79983169	8	545	TRUE	0.94	-0.024444647069066683	FALSE	1053	83	0.0054000843763183795
ENSG00000178184	chr18:79982669-79983169	27	2484	TRUE	0.972	-0.06896678184557192	FALSE	1053	83	0.02501289082641916
ENSG00000141759	chr18:79982669-79983169	912	85029	TRUE	4e-4	-0.6033543123126333	TRUE	1053	84	2.5992968640135
ENSG00000101546	chr18:79982669-79983169	384	32338	TRUE	0.007630727555103587	-0.3132043554548054	TRUE	1053	84	0.3974874607415741
ENSG00000274828	chr18:79982669-79983169	19	2945	TRUE	0.024	-0.6811899168398661	FALSE	1053	84	0.02965358833731777
ENSG00000279474	chr18:79982669-79983169	8	483	TRUE	0.032	1.197659690583615	FALSE	1053	84	0.004687573243331927
ENSG00000131196	chr18:79982669-79983169	49	4693	TRUE	0.064	-0.6231845480076075	FALSE	1053	84	0.048010125158205595
ENSG00000261126	chr18:79982669-79983169	7	558	TRUE	0.064	-1.4799615482787951	FALSE	1053	84	0.005475085548211691
ENSG00000267655	chr18:79982669-79983169	9	386	TRUE	0.08	-2.3150634591067405	FALSE	1053	84	0.0038719354989921718
ENSG00000267127	chr18:79982669-79983169	9	1202	TRUE	0.148	-0.7877541758986766	FALSE	1053	84	0.011803309426709792
ENSG00000178184	chr18:79982669-79983169	27	2484	TRUE	0.16	-0.43153686123027946	FALSE	1053	84	0.02501289082641916
ENSG00000101544	chr18:79982669-79983169	131	11428	TRUE	0.548	-0.20038405639296242	FALSE	1053	84	0.12104251628931702
ENSG00000279077	chr18:79982669-79983169	8	545	TRUE	0.616	0.39059285220977724	FALSE	1053	84	0.0054000843763183795
ENSG00000166377	chr18:79982669-79983169	26	2208	TRUE	0.692	-0.29916594734067825	FALSE	1053	84	0.02225659775933999
ENSG00000122490	chr18:79982669-79983169	90	7719	TRUE	0.84	-0.21969273798648326	FALSE	1053	84	0.08160127501992219
ENSG00000060069	chr18:79982669-79983169	36	3663	TRUE	0.908	-0.20777602086962865	FALSE	1053	84	0.0371162049407022
ENSG00000278000	chr18:79982669-79983169	11	1079	TRUE	0.928	0.01869943720385603	FALSE	1053	84	0.01084704448507008
ENSG00000141759	chr18:79982669-79983169	912	85029	TRUE	1.0740593702956755e-8	-0.44299895038027515	TRUE	1053	85	2.5992968640135
ENSG00000101546	chr18:79982669-79983169	384	32338	TRUE	0.007617374109159969	-0.29726281158578405	TRUE	1053	85	0.3974874607415741
ENSG00000166377	chr18:79982669-79983169	26	2208	TRUE	0.009375402169073427	-1.1616624235907436	TRUE	1053	85	0.02225659775933999
ENSG00000131196	chr18:79982669-79983169	49	4693	TRUE	0.148	-0.510709818749195	FALSE	1053	85	0.048010125158205595
ENSG00000278000	chr18:79982669-79983169	11	1079	TRUE	0.168	0.5592678185665587	FALSE	1053	85	0.01084704448507008
ENSG00000122490	chr18:79982669-79983169	90	7719	TRUE	0.34	-0.04215455243429567	FALSE	1053	85	0.08160127501992219
ENSG00000101544	chr18:79982669-79983169	131	11428	TRUE	0.372	-0.2248371001175018	FALSE	1053	85	0.12104251628931702
ENSG00000274828	chr18:79982669-79983169	19	2945	TRUE	0.384	-0.22867771214235955	FALSE	1053	85	0.02965358833731777
ENSG00000060069	chr18:79982669-79983169	36	3663	TRUE	0.456	-0.363895222786911	FALSE	1053	85	0.0371162049407022
ENSG00000261126	chr18:79982669-79983169	7	558	TRUE	0.736	-0.1580334533914325	FALSE	1053	85	0.005475085548211691
ENSG00000267127	chr18:79982669-79983169	9	1202	TRUE	0.796	0.01960074615892715	FALSE	1053	85	0.011803309426709792
ENSG00000178184	chr18:79982669-79983169	27	2484	TRUE	0.924	-0.12341456586794841	FALSE	1053	85	0.02501289082641916
ENSG00000267655	chr18:79982669-79983169	9	386	TRUE	0.936	-0.3150634591067405	FALSE	1053	85	0.0038719354989921718
ENSG00000279474	chr18:79982669-79983169	8	483	TRUE	0.96	-0.3873028101375411	FALSE	1053	85	0.004687573243331927
ENSG00000279077	chr18:79982669-79983169	8	545	TRUE	0.976	-0.28747905290286013	FALSE	1053	85	0.0054000843763183795
ENSG00000141759	chr18:79982669-79983169	912	85029	TRUE	4e-4	-0.3835354814400076	TRUE	1053	86	2.5992968640135
ENSG00000131196	chr18:79982669-79983169	49	4693	TRUE	0.010066916984274504	-0.7882437942781042	TRUE	1053	86	0.048010125158205595
ENSG00000279474	chr18:79982669-79983169	8	483	TRUE	0.052	1.0721288084997562	FALSE	1053	86	0.004687573243331927
ENSG00000101544	chr18:79982669-79983169	131	11428	TRUE	0.064	-0.3537348332997592	FALSE	1053	86	0.12104251628931702
ENSG00000267127	chr18:79982669-79983169	9	1202	TRUE	0.112	0.46017333754490863	FALSE	1053	86	0.011803309426709792
ENSG00000122490	chr18:79982669-79983169	90	7719	TRUE	0.268	-0.40255679513629383	FALSE	1053	86	0.08160127501992219
ENSG00000060069	chr18:79982669-79983169	36	3663	TRUE	0.44	-0.40571539848153737	FALSE	1053	86	0.0371162049407022
ENSG00000166377	chr18:79982669-79983169	26	2208	TRUE	0.508	-0.37316652878445566	FALSE	1053	86	0.02225659775933999
ENSG00000178184	chr18:79982669-79983169	27	2484	TRUE	0.52	-0.3002923279520271	FALSE	1053	86	0.02501289082641916
ENSG00000267655	chr18:79982669-79983169	9	386	TRUE	0.64	0.00686463578062213	FALSE	1053	86	0.0038719354989921718
ENSG00000279077	chr18:79982669-79983169	8	545	TRUE	0.672	-0.6094071477902228	FALSE	1053	86	0.0054000843763183795
ENSG00000278000	chr18:79982669-79983169	11	1079	TRUE	0.788	0.1442303192877148	FALSE	1053	86	0.01084704448507008
ENSG00000274828	chr18:79982669-79983169	19	2945	TRUE	0.804	-0.07113643515587942	FALSE	1053	86	0.02965358833731777
ENSG00000101546	chr18:79982669-79983169	384	32338	TRUE	0.84	-0.11157049428515498	FALSE	1053	86	0.3974874607415741
ENSG00000261126	chr18:79982669-79983169	7	558	TRUE	0.944	0.10500095244236096	FALSE	1053	86	0.005475085548211691
ENSG00000101546	chr18:79982669-79983169	384	32338	TRUE	0.0015725012627685114	-0.34973023147991955	TRUE	1053	87	0.3974874607415741
ENSG00000141759	chr18:79982669-79983169	912	85029	TRUE	0.002	-0.35004441637065997	TRUE	1053	87	2.5992968640135
ENSG00000101544	chr18:79982669-79983169	131	11428	TRUE	0.0020442705566441344	-0.5102393189797501	TRUE	1053	87	0.12104251628931702
ENSG00000274828	chr18:79982669-79983169	19	2945	TRUE	0.013935079046293847	-0.7591924288411391	TRUE	1053	87	0.02965358833731777
ENSG00000279474	chr18:79982669-79983169	8	483	TRUE	0.136	0.6126971898624589	FALSE	1053	87	0.004687573243331927
ENSG00000267655	chr18:79982669-79983169	9	386	TRUE	0.14	-2.3150634591067405	FALSE	1053	87	0.0038719354989921718
ENSG00000131196	chr18:79982669-79983169	49	4693	TRUE	0.244	-0.4403204908577969	FALSE	1053	87	0.048010125158205595
ENSG00000278000	chr18:79982669-79983169	11	1079	TRUE	0.288	0.4661584141750774	FALSE	1053	87	0.01084704448507008
ENSG00000279077	chr18:79982669-79983169	8	545	TRUE	0.316	-1.0244446470690667	FALSE	1053	87	0.0054000843763183795
ENSG00000166377	chr18:79982669-79983169	26	2208	TRUE	0.404	-0.29916594734067825	FALSE	1053	87	0.02225659775933999
ENSG00000122490	chr18:79982669-79983169	90	7719	TRUE	0.444	-0.3831914702693626	FALSE	1053	87	0.08160127501992219
ENSG00000261126	chr18:79982669-79983169	7	558	TRUE	0.492	-0.4799615482787951	FALSE	1053	87	0.005475085548211691
ENSG00000267127	chr18:79982669-79983169	9	1202	TRUE	0.596	-0.32832255726137927	FALSE	1053	87	0.011803309426709792
ENSG00000060069	chr18:79982669-79983169	36	3663	TRUE	0.8	-0.28372487410292724	FALSE	1053	87	0.0371162049407022
ENSG00000178184	chr18:79982669-79983169	27	2484	TRUE	0.864	-0.06896678184557192	FALSE	1053	87	0.02501289082641916
ENSG00000141759	chr18:79982669-79983169	912	85029	TRUE	4e-4	-0.46233079194502813	TRUE	1053	88	2.5992968640135
ENSG00000101544	chr18:79982669-79983169	131	11428	TRUE	0.002219642983480201	-0.5560430085928747	TRUE	1053	88	0.12104251628931702
ENSG00000131196	chr18:79982669-79983169	49	4693	TRUE	0.003929204713042714	-0.8326379136365576	TRUE	1053	88	0.048010125158205595
ENSG00000178184	chr18:79982669-79983169	27	2484	TRUE	0.036	-0.8238542840090401	FALSE	1053	88	0.02501289082641916
ENSG00000274828	chr18:79982669-79983169	19	2945	TRUE	0.048	-0.6071893353960887	FALSE	1053	88	0.02965358833731777
ENSG00000101546	chr18:79982669-79983169	384	32338	TRUE	0.056	-0.2466367385158159	FALSE	1053	88	0.3974874607415741
ENSG00000267655	chr18:79982669-79983169	9	386	TRUE	0.064	-2.3150634591067405	FALSE	1053	88	0.0038719354989921718
ENSG00000166377	chr18:79982669-79983169	26	2208	TRUE	0.156	-0.5336312009777009	FALSE	1053	88	0.02225659775933999
ENSG00000060069	chr18:79982669-79983169	36	3663	TRUE	0.204	-0.5389819293450024	FALSE	1053	88	0.0371162049407022
ENSG00000261126	chr18:79982669-79983169	7	558	TRUE	0.536	-0.4799615482787951	FALSE	1053	88	0.005475085548211691
ENSG00000267127	chr18:79982669-79983169	9	1202	TRUE	0.696	-0.08731445775758484	FALSE	1053	88	0.011803309426709792
ENSG00000122490	chr18:79982669-79983169	90	7719	TRUE	0.788	-0.23697072941831854	FALSE	1053	88	0.08160127501992219
ENSG00000278000	chr18:79982669-79983169	11	1079	TRUE	0.896	0.01869943720385603	FALSE	1053	88	0.01084704448507008
ENSG00000279077	chr18:79982669-79983169	8	545	TRUE	0.912	-0.024444647069066683	FALSE	1053	88	0.0054000843763183795
ENSG00000279474	chr18:79982669-79983169	8	483	TRUE	0.964	-0.06537471525017846	FALSE	1053	88	0.004687573243331927
ENSG00000101546	chr18:79982669-79983169	384	32338	TRUE	1.0140206407744366e-8	-0.5429626064143007	TRUE	1053	89	0.3974874607415741
ENSG00000141759	chr18:79982669-79983169	912	85029	TRUE	4e-4	-0.3734653047724119	TRUE	1053	89	2.5992968640135
ENSG00000279077	chr18:79982669-79983169	8	545	TRUE	0.028	-2.6094071477902228	FALSE	1053	89	0.0054000843763183795
ENSG00000274828	chr18:79982669-79983169	19	2945	TRUE	0.104	-0.46968581164615397	FALSE	1053	89	0.02965358833731777
ENSG00000178184	chr18:79982669-79983169	27	2484	TRUE	0.132	-0.653929282566728	FALSE	1053	89	0.02501289082641916
ENSG00000267127	chr18:79982669-79983169	9	1202	TRUE	0.144	-0.7877541758986766	FALSE	1053	89	0.011803309426709792
ENSG00000131196	chr18:79982669-79983169	49	4693	TRUE	0.188	-0.4750859090184738	FALSE	1053	89	0.048010125158205595
ENSG00000166377	chr18:79982669-79983169	26	2208	TRUE	0.324	0.18626087982956285	FALSE	1053	89	0.02225659775933999
ENSG00000101544	chr18:79982669-79983169	131	11428	TRUE	0.396	-0.212558770339065	FALSE	1053	89	0.12104251628931702
ENSG00000278000	chr18:79982669-79983169	11	1079	TRUE	0.504	-0.27080717999112913	FALSE	1053	89	0.01084704448507008
ENSG00000279474	chr18:79982669-79983169	8	483	TRUE	0.588	0.197659690583615	FALSE	1053	89	0.004687573243331927
ENSG00000060069	chr18:79982669-79983169	36	3663	TRUE	0.612	-0.28372487410292724	FALSE	1053	89	0.0371162049407022
ENSG00000267655	chr18:79982669-79983169	9	386	TRUE	0.636	0.00686463578062213	FALSE	1053	89	0.0038719354989921718
ENSG00000122490	chr18:79982669-79983169	90	7719	TRUE	0.736	-0.27216015788061876	FALSE	1053	89	0.08160127501992219
ENSG00000261126	chr18:79982669-79983169	7	558	TRUE	0.992	0.10500095244236096	FALSE	1053	89	0.005475085548211691
ENSG00000141759	chr18:79982669-79983169	912	85029	TRUE	2.195160762042001e-20	-0.593007423298987	TRUE	1053	90	2.5992968640135
ENSG00000101544	chr18:79982669-79983169	131	11428	TRUE	0.005358644059963211	-0.4952889775137783	TRUE	1053	90	0.12104251628931702
ENSG00000166377	chr18:79982669-79983169	26	2208	TRUE	0.006525545720300535	-1.0361315415068848	TRUE	1053	90	0.02225659775933999
ENSG00000279474	chr18:79982669-79983169	8	483	TRUE	0.01327716289797043	-Inf	TRUE	1053	90	0.004687573243331927
ENSG00000278000	chr18:79982669-79983169	11	1079	TRUE	0.014950567791937097	-1.4407321814334413	TRUE	1053	90	0.01084704448507008
ENSG00000274828	chr18:79982669-79983169	19	2945	TRUE	0.032	-0.6811899168398661	TRUE	1053	90	0.02965358833731777
ENSG00000101546	chr18:79982669-79983169	384	32338	TRUE	0.072	-0.2504686001068426	FALSE	1053	90	0.3974874607415741
ENSG00000122490	chr18:79982669-79983169	90	7719	TRUE	0.084	-0.5034857039870744	FALSE	1053	90	0.08160127501992219
ENSG00000279077	chr18:79982669-79983169	8	545	TRUE	0.092	-2.6094071477902228	FALSE	1053	90	0.0054000843763183795
ENSG00000060069	chr18:79982669-79983169	36	3663	TRUE	0.188	-0.49317823973187735	FALSE	1053	90	0.0371162049407022
ENSG00000131196	chr18:79982669-79983169	49	4693	TRUE	0.276	-0.4063731589344597	FALSE	1053	90	0.048010125158205595
ENSG00000267127	chr18:79982669-79983169	9	1202	TRUE	0.384	0.21224582410132342	FALSE	1053	90	0.011803309426709792
ENSG00000261126	chr18:79982669-79983169	7	558	TRUE	0.592	0.3273933737788086	FALSE	1053	90	0.005475085548211691
ENSG00000178184	chr18:79982669-79983169	27	2484	TRUE	0.692	-0.3002923279520271	FALSE	1053	90	0.02501289082641916
ENSG00000267655	chr18:79982669-79983169	9	386	TRUE	0.984	-0.3150634591067405	FALSE	1053	90	0.0038719354989921718
ENSG00000141759	chr18:79982669-79983169	912	85029	TRUE	2.4808651665323186e-19	-0.5936949120138738	TRUE	1053	91	2.5992968640135
ENSG00000101546	chr18:79982669-79983169	384	32338	TRUE	5.254840183871127e-4	-0.37460490011894865	TRUE	1053	91	0.3974874607415741
ENSG00000101544	chr18:79982669-79983169	131	11428	TRUE	0.025246193957363744	-0.38095630203478326	FALSE	1053	91	0.12104251628931702
ENSG00000060069	chr18:79982669-79983169	36	3663	TRUE	0.056	-0.6858233176742736	FALSE	1053	91	0.0371162049407022
ENSG00000166377	chr18:79982669-79983169	26	2208	TRUE	0.136	-0.6210940422280409	FALSE	1053	91	0.02225659775933999
ENSG00000274828	chr18:79982669-79983169	19	2945	TRUE	0.264	-0.28526124050872603	FALSE	1053	91	0.02965358833731777
ENSG00000278000	chr18:79982669-79983169	11	1079	TRUE	0.276	-0.6333772593758376	FALSE	1053	91	0.01084704448507008
ENSG00000131196	chr18:79982669-79983169	49	4693	TRUE	0.28	-0.4750859090184738	FALSE	1053	91	0.048010125158205595
ENSG00000261126	chr18:79982669-79983169	7	558	TRUE	0.528	-0.4799615482787951	FALSE	1053	91	0.005475085548211691
ENSG00000178184	chr18:79982669-79983169	27	2484	TRUE	0.592	-0.3002923279520271	FALSE	1053	91	0.02501289082641916
ENSG00000267655	chr18:79982669-79983169	9	386	TRUE	0.596	-0.7301009583855844	FALSE	1053	91	0.0038719354989921718
ENSG00000267127	chr18:79982669-79983169	9	1202	TRUE	0.612	-0.46582608101131395	FALSE	1053	91	0.011803309426709792
ENSG00000279077	chr18:79982669-79983169	8	545	TRUE	0.672	-0.6094071477902228	FALSE	1053	91	0.0054000843763183795
ENSG00000279474	chr18:79982669-79983169	8	483	TRUE	0.872	-0.06537471525017846	FALSE	1053	91	0.004687573243331927
ENSG00000122490	chr18:79982669-79983169	90	7719	TRUE	0.952	-0.16906666491651512	FALSE	1053	91	0.08160127501992219
ENSG00000101546	chr18:79982669-79983169	384	32338	TRUE	2.435951901530644e-4	-0.39566651564677824	TRUE	1053	92	0.3974874607415741
ENSG00000141759	chr18:79982669-79983169	912	85029	TRUE	4e-4	-0.6082083737464937	TRUE	1053	92	2.5992968640135
ENSG00000122490	chr18:79982669-79983169	90	7719	TRUE	0.009057635833137227	-0.6578138503783686	TRUE	1053	92	0.08160127501992219
ENSG00000279077	chr18:79982669-79983169	8	545	TRUE	0.009361119157743514	-Inf	TRUE	1053	92	0.0054000843763183795
ENSG00000101544	chr18:79982669-79983169	131	11428	TRUE	0.048	-0.39476210155981395	FALSE	1053	92	0.12104251628931702
ENSG00000178184	chr18:79982669-79983169	27	2484	TRUE	0.112	-0.653929282566728	FALSE	1053	92	0.02501289082641916
ENSG00000060069	chr18:79982669-79983169	36	3663	TRUE	0.12	-0.6351972446043055	FALSE	1053	92	0.0371162049407022
ENSG00000279474	chr18:79982669-79983169	8	483	TRUE	0.26	-1.387302810137541	FALSE	1053	92	0.004687573243331927
ENSG00000261126	chr18:79982669-79983169	7	558	TRUE	0.296	0.5200384517212049	FALSE	1053	92	0.005475085548211691
ENSG00000267127	chr18:79982669-79983169	9	1202	TRUE	0.42	-0.6178291744563644	FALSE	1053	92	0.011803309426709792
ENSG00000267655	chr18:79982669-79983169	9	386	TRUE	0.54	-0.7301009583855844	FALSE	1053	92	0.0038719354989921718
ENSG00000274828	chr18:79982669-79983169	19	2945	TRUE	0.632	0.1152766890750021	FALSE	1053	92	0.02965358833731777
ENSG00000166377	chr18:79982669-79983169	26	2208	TRUE	0.736	-0.0361315415068848	FALSE	1053	92	0.02225659775933999
ENSG00000131196	chr18:79982669-79983169	49	4693	TRUE	0.768	-0.21792806952134924	FALSE	1053	92	0.048010125158205595
ENSG00000278000	chr18:79982669-79983169	11	1079	TRUE	0.852	0.1442303192877148	FALSE	1053	92	0.01084704448507008
ENSG00000141759	chr18:79982669-79983169	912	85029	TRUE	2.5188327199498388e-5	-0.3752372948099876	TRUE	1053	93	2.5992968640135
ENSG00000267655	chr18:79982669-79983169	9	386	TRUE	0.017547969299543296	1.0068646357806221	FALSE	1053	93	0.0038719354989921718
ENSG00000060069	chr18:79982669-79983169	36	3663	TRUE	0.036	-0.7382907375684091	FALSE	1053	93	0.0371162049407022
ENSG00000101546	chr18:79982669-79983169	384	32338	TRUE	0.08	-0.2504686001068426	FALSE	1053	93	0.3974874607415741
ENSG00000278000	chr18:79982669-79983169	11	1079	TRUE	0.22	-0.4407321814334413	FALSE	1053	93	0.01084704448507008
ENSG00000122490	chr18:79982669-79983169	90	7719	TRUE	0.256	-0.3831914702693626	FALSE	1053	93	0.08160127501992219
ENSG00000279474	chr18:79982669-79983169	8	483	TRUE	0.276	-1.387302810137541	FALSE	1053	93	0.004687573243331927
ENSG00000261126	chr18:79982669-79983169	7	558	TRUE	0.58	-0.4799615482787951	FALSE	1053	93	0.005475085548211691
ENSG00000101544	chr18:79982669-79983169	131	11428	TRUE	0.588	-0.18831122409238743	FALSE	1053	93	0.12104251628931702
ENSG00000274828	chr18:79982669-79983169	19	2945	TRUE	0.648	-0.07113643515587942	FALSE	1053	93	0.02965358833731777
ENSG00000279077	chr18:79982669-79983169	8	545	TRUE	0.664	-0.6094071477902228	FALSE	1053	93	0.0054000843763183795
ENSG00000267127	chr18:79982669-79983169	9	1202	TRUE	0.684	-0.32832255726137927	FALSE	1053	93	0.011803309426709792
ENSG00000131196	chr18:79982669-79983169	49	4693	TRUE	0.74	-0.13219819549546585	FALSE	1053	93	0.048010125158205595
ENSG00000178184	chr18:79982669-79983169	27	2484	TRUE	0.924	-0.1799980942343149	FALSE	1053	93	0.02501289082641916
ENSG00000166377	chr18:79982669-79983169	26	2208	TRUE	0.944	-0.09753208617102782	FALSE	1053	93	0.02225659775933999
ENSG00000141759	chr18:79982669-79983169	912	85029	TRUE	4e-4	-0.40932535412897986	TRUE	1053	94	2.5992968640135
ENSG00000101546	chr18:79982669-79983169	384	32338	TRUE	5.327864228443441e-4	-0.3704292241477556	TRUE	1053	94	0.3974874607415741
ENSG00000101544	chr18:79982669-79983169	131	11428	TRUE	0.0049891986753030915	-0.4952889775137783	TRUE	1053	94	0.12104251628931702
ENSG00000166377	chr18:79982669-79983169	26	2208	TRUE	0.032	-1.0361315415068848	FALSE	1053	94	0.02225659775933999
ENSG00000274828	chr18:79982669-79983169	19	2945	TRUE	0.192	-0.3441549295622952	FALSE	1053	94	0.02965358833731777
ENSG00000178184	chr18:79982669-79983169	27	2484	TRUE	0.216	-0.5019261891216775	FALSE	1053	94	0.02501289082641916
ENSG00000279474	chr18:79982669-79983169	8	483	TRUE	0.308	-1.387302810137541	FALSE	1053	94	0.004687573243331927
ENSG00000279077	chr18:79982669-79983169	8	545	TRUE	0.468	-0.024444647069066683	FALSE	1053	94	0.0054000843763183795
ENSG00000278000	chr18:79982669-79983169	11	1079	TRUE	0.5	-0.27080717999112913	FALSE	1053	94	0.01084704448507008
ENSG00000267655	chr18:79982669-79983169	9	386	TRUE	0.508	-1.3150634591067405	FALSE	1053	94	0.0038719354989921718
ENSG00000267127	chr18:79982669-79983169	9	1202	TRUE	0.564	0.01960074615892715	FALSE	1053	94	0.011803309426709792
ENSG00000122490	chr18:79982669-79983169	90	7719	TRUE	0.64	-0.3082294125881404	FALSE	1053	94	0.08160127501992219
ENSG00000131196	chr18:79982669-79983169	49	4693	TRUE	0.68	-0.07775041147308936	FALSE	1053	94	0.048010125158205595
ENSG00000060069	chr18:79982669-79983169	36	3663	TRUE	0.808	-0.17125014484451473	FALSE	1053	94	0.0371162049407022
ENSG00000261126	chr18:79982669-79983169	7	558	TRUE	0.996	-0.1580334533914325	FALSE	1053	94	0.005475085548211691
ENSG00000141759	chr18:79982669-79983169	912	85029	TRUE	0.056	-0.2942205892839507	FALSE	1053	95	2.5992968640135
ENSG00000261126	chr18:79982669-79983169	7	558	TRUE	0.104	0.8419665466085675	FALSE	1053	95	0.005475085548211691
ENSG00000267655	chr18:79982669-79983169	9	386	TRUE	0.144	-2.3150634591067405	FALSE	1053	95	0.0038719354989921718
ENSG00000166377	chr18:79982669-79983169	26	2208	TRUE	0.156	-0.5336312009777009	FALSE	1053	95	0.02225659775933999
ENSG00000278000	chr18:79982669-79983169	11	1079	TRUE	0.176	-0.6333772593758376	FALSE	1053	95	0.01084704448507008
ENSG00000101546	chr18:79982669-79983169	384	32338	TRUE	0.244	-0.19034760766927183	FALSE	1053	95	0.3974874607415741
ENSG00000267127	chr18:79982669-79983169	9	1202	TRUE	0.264	-0.7877541758986766	FALSE	1053	95	0.011803309426709792
ENSG00000274828	chr18:79982669-79983169	19	2945	TRUE	0.284	-0.28526124050872603	FALSE	1053	95	0.02965358833731777
ENSG00000178184	chr18:79982669-79983169	27	2484	TRUE	0.296	0.17614571599095985	FALSE	1053	95	0.02501289082641916
ENSG00000060069	chr18:79982669-79983169	36	3663	TRUE	0.316	-0.0013251434022025776	FALSE	1053	95	0.0371162049407022
ENSG00000279077	chr18:79982669-79983169	8	545	TRUE	0.428	0.39059285220977724	FALSE	1053	95	0.0054000843763183795
ENSG00000122490	chr18:79982669-79983169	90	7719	TRUE	0.496	-0.3082294125881404	FALSE	1053	95	0.08160127501992219
ENSG00000279474	chr18:79982669-79983169	8	483	TRUE	0.66	-0.3873028101375411	FALSE	1053	95	0.004687573243331927
ENSG00000101544	chr18:79982669-79983169	131	11428	TRUE	0.664	-0.08397456427765215	FALSE	1053	95	0.12104251628931702
ENSG00000131196	chr18:79982669-79983169	49	4693	TRUE	0.82	-0.24767541291540152	FALSE	1053	95	0.048010125158205595
ENSG00000101546	chr18:79982669-79983169	384	32338	TRUE	1.3556778508866992e-4	-0.4041780155022958	TRUE	1053	96	0.3974874607415741
ENSG00000141759	chr18:79982669-79983169	912	85029	TRUE	4e-4	-0.5245504446995841	TRUE	1053	96	2.5992968640135
ENSG00000101544	chr18:79982669-79983169	131	11428	TRUE	0.0023249530724115536	-0.5406129680232685	TRUE	1053	96	0.12104251628931702
ENSG00000131196	chr18:79982669-79983169	49	4693	TRUE	0.009689933196797227	0.337287087805755	TRUE	1053	96	0.048010125158205595
ENSG00000267655	chr18:79982669-79983169	9	386	TRUE	0.019686831011559217	1.0068646357806221	TRUE	1053	96	0.0038719354989921718
ENSG00000279474	chr18:79982669-79983169	8	483	TRUE	0.216	0.7826221913047711	FALSE	1053	96	0.004687573243331927
ENSG00000261126	chr18:79982669-79983169	7	558	TRUE	0.284	-0.894999047557639	FALSE	1053	96	0.005475085548211691
ENSG00000178184	chr18:79982669-79983169	27	2484	TRUE	0.364	-0.36442266537174284	FALSE	1053	96	0.02501289082641916
ENSG00000274828	chr18:79982669-79983169	19	2945	TRUE	0.38	0.24080757115886087	FALSE	1053	96	0.02965358833731777
ENSG00000279077	chr18:79982669-79983169	8	545	TRUE	0.408	0.39059285220977724	FALSE	1053	96	0.0054000843763183795
ENSG00000278000	chr18:79982669-79983169	11	1079	TRUE	0.428	0.25970753670765045	FALSE	1053	96	0.01084704448507008
ENSG00000122490	chr18:79982669-79983169	90	7719	TRUE	0.488	-0.32660794190299525	FALSE	1053	96	0.08160127501992219
ENSG00000267127	chr18:79982669-79983169	9	1202	TRUE	0.74	-0.46582608101131395	FALSE	1053	96	0.011803309426709792
ENSG00000166377	chr18:79982669-79983169	26	2208	TRUE	0.828	-0.0361315415068848	FALSE	1053	96	0.02225659775933999
ENSG00000060069	chr18:79982669-79983169	36	3663	TRUE	0.956	-0.24525072628829214	FALSE	1053	96	0.0371162049407022
ENSG00000141759	chr18:79982669-79983169	912	85029	TRUE	3.0035647987816976e-21	-0.6082083737464937	TRUE	1053	97	2.5992968640135
ENSG00000101546	chr18:79982669-79983169	384	32338	TRUE	5.339927673986522e-6	-0.46520744889985544	TRUE	1053	97	0.3974874607415741
ENSG00000122490	chr18:79982669-79983169	90	7719	TRUE	0.112	0.0318460290094813	FALSE	1053	97	0.08160127501992219
ENSG00000060069	chr18:79982669-79983169	36	3663	TRUE	0.148	-0.49317823973187735	FALSE	1053	97	0.0371162049407022
ENSG00000101544	chr18:79982669-79983169	131	11428	TRUE	0.212	-0.2750228572857183	FALSE	1053	97	0.12104251628931702
ENSG00000278000	chr18:79982669-79983169	11	1079	TRUE	0.276	0.4661584141750774	FALSE	1053	97	0.01084704448507008
ENSG00000267127	chr18:79982669-79983169	9	1202	TRUE	0.296	-0.6178291744563644	FALSE	1053	97	0.011803309426709792
ENSG00000178184	chr18:79982669-79983169	27	2484	TRUE	0.34	0.17614571599095985	FALSE	1053	97	0.02501289082641916
ENSG00000267655	chr18:79982669-79983169	9	386	TRUE	0.356	-1.3150634591067405	FALSE	1053	97	0.0038719354989921718
ENSG00000274828	chr18:79982669-79983169	19	2945	TRUE	0.376	-0.17422992811998306	FALSE	1053	97	0.02965358833731777
ENSG00000166377	chr18:79982669-79983169	26	2208	TRUE	0.74	-0.09753208617102782	FALSE	1053	97	0.02225659775933999
ENSG00000279077	chr18:79982669-79983169	8	545	TRUE	0.744	-0.28747905290286013	FALSE	1053	97	0.0054000843763183795
ENSG00000131196	chr18:79982669-79983169	49	4693	TRUE	0.752	-0.13219819549546585	FALSE	1053	97	0.048010125158205595
ENSG00000261126	chr18:79982669-79983169	7	558	TRUE	0.84	0.10500095244236096	FALSE	1053	97	0.005475085548211691
ENSG00000279474	chr18:79982669-79983169	8	483	TRUE	0.956	-0.06537471525017846	FALSE	1053	97	0.004687573243331927
ENSG00000141759	chr18:79982669-79983169	912	85029	TRUE	4e-4	-0.4851106606013209	TRUE	1053	98	2.5992968640135
ENSG00000101544	chr18:79982669-79983169	131	11428	TRUE	0.013886498534591118	-0.4369903369491115	FALSE	1053	98	0.12104251628931702
ENSG00000131196	chr18:79982669-79983169	49	4693	TRUE	0.02217766842464794	-0.7451750723862176	FALSE	1053	98	0.048010125158205595
ENSG00000274828	chr18:79982669-79983169	19	2945	TRUE	0.076	-0.46968581164615397	FALSE	1053	98	0.02965358833731777
ENSG00000278000	chr18:79982669-79983169	11	1079	TRUE	0.16	-0.6333772593758376	FALSE	1053	98	0.01084704448507008
ENSG00000101546	chr18:79982669-79983169	384	32338	TRUE	0.188	-0.20514460959735237	FALSE	1053	98	0.3974874607415741
ENSG00000060069	chr18:79982669-79983169	36	3663	TRUE	0.208	-0.5389819293450024	FALSE	1053	98	0.0371162049407022
ENSG00000261126	chr18:79982669-79983169	7	558	TRUE	0.304	-0.4799615482787951	FALSE	1053	98	0.005475085548211691
ENSG00000122490	chr18:79982669-79983169	90	7719	TRUE	0.412	-0.32660794190299525	FALSE	1053	98	0.08160127501992219
ENSG00000267655	chr18:79982669-79983169	9	386	TRUE	0.468	-0.7301009583855844	FALSE	1053	98	0.0038719354989921718
ENSG00000267127	chr18:79982669-79983169	9	1202	TRUE	0.756	-0.32832255726137927	FALSE	1053	98	0.011803309426709792
ENSG00000166377	chr18:79982669-79983169	26	2208	TRUE	0.772	0.022762147546684375	FALSE	1053	98	0.02225659775933999
ENSG00000279474	chr18:79982669-79983169	8	483	TRUE	0.792	-0.06537471525017846	FALSE	1053	98	0.004687573243331927
ENSG00000178184	chr18:79982669-79983169	27	2484	TRUE	0.816	-0.01649936195143642	FALSE	1053	98	0.02501289082641916
ENSG00000279077	chr18:79982669-79983169	8	545	TRUE	0.896	-0.28747905290286013	FALSE	1053	98	0.0054000843763183795
ENSG00000141759	chr18:79982669-79983169	912	85029	TRUE	4e-4	-0.5252060661791196	TRUE	1053	99	2.5992968640135
ENSG00000060069	chr18:79982669-79983169	36	3663	TRUE	0.0021235983519745927	-1.1712501448445147	TRUE	1053	99	0.0371162049407022
ENSG00000166377	chr18:79982669-79983169	26	2208	TRUE	0.003002996480722997	-1.2991659473406783	TRUE	1053	99	0.02225659775933999
ENSG00000101546	chr18:79982669-79983169	384	32338	TRUE	0.0036588562750369293	-0.3172174179614289	TRUE	1053	99	0.3974874607415741
ENSG00000261126	chr18:79982669-79983169	7	558	TRUE	0.0045225638812456115	-Inf	TRUE	1053	99	0.005475085548211691
ENSG00000101544	chr18:79982669-79983169	131	11428	TRUE	0.007475191801300879	-0.4952889775137783	TRUE	1053	99	0.12104251628931702
ENSG00000267127	chr18:79982669-79983169	9	1202	TRUE	0.024	-1.465826081011314	TRUE	1053	99	0.011803309426709792
ENSG00000279474	chr18:79982669-79983169	8	483	TRUE	0.104	0.9346252847498215	FALSE	1053	99	0.004687573243331927
ENSG00000131196	chr18:79982669-79983169	49	4693	TRUE	0.128	-0.510709818749195	FALSE	1053	99	0.048010125158205595
ENSG00000274828	chr18:79982669-79983169	19	2945	TRUE	0.144	0.39281066460391134	FALSE	1053	99	0.02965358833731777
ENSG00000178184	chr18:79982669-79983169	27	2484	TRUE	0.328	0.034126711118531716	FALSE	1053	99	0.02501289082641916
ENSG00000122490	chr18:79982669-79983169	90	7719	TRUE	0.368	-0.345223620070342	FALSE	1053	99	0.08160127501992219
ENSG00000279077	chr18:79982669-79983169	8	545	TRUE	0.564	-1.0244446470690667	FALSE	1053	99	0.0054000843763183795
ENSG00000267655	chr18:79982669-79983169	9	386	TRUE	0.768	0.00686463578062213	FALSE	1053	99	0.0038719354989921718
ENSG00000278000	chr18:79982669-79983169	11	1079	TRUE	0.936	0.1442303192877148	FALSE	1053	99	0.01084704448507008
ENSG00000101546	chr18:79982669-79983169	384	32338	TRUE	8.280090945793133e-5	-0.39566651564677824	TRUE	1053	100	0.3974874607415741
ENSG00000141759	chr18:79982669-79983169	912	85029	TRUE	4e-4	-0.44485849311792314	TRUE	1053	100	2.5992968640135
ENSG00000101544	chr18:79982669-79983169	131	11428	TRUE	0.00890137928849466	-0.46584519962129667	TRUE	1053	100	0.12104251628931702
ENSG00000267127	chr18:79982669-79983169	9	1202	TRUE	0.072	-1.2027916751775205	FALSE	1053	100	0.011803309426709792
ENSG00000122490	chr18:79982669-79983169	90	7719	TRUE	0.116	-0.4622630412605613	FALSE	1053	100	0.08160127501992219
ENSG00000131196	chr18:79982669-79983169	49	4693	TRUE	0.26	0.05000513572528398	FALSE	1053	100	0.048010125158205595
ENSG00000267655	chr18:79982669-79983169	9	386	TRUE	0.328	-1.3150634591067405	FALSE	1053	100	0.0038719354989921718
ENSG00000166377	chr18:79982669-79983169	26	2208	TRUE	0.352	-0.37316652878445566	FALSE	1053	100	0.02225659775933999
ENSG00000274828	chr18:79982669-79983169	19	2945	TRUE	0.492	0.20016558666151507	FALSE	1053	100	0.02965358833731777
ENSG00000261126	chr18:79982669-79983169	7	558	TRUE	0.72	-0.4799615482787951	FALSE	1053	100	0.005475085548211691
ENSG00000278000	chr18:79982669-79983169	11	1079	TRUE	0.752	-0.11880408654607866	FALSE	1053	100	0.01084704448507008
ENSG00000279077	chr18:79982669-79983169	8	545	TRUE	0.788	0.19794777426738097	FALSE	1053	100	0.0054000843763183795
ENSG00000060069	chr18:79982669-79983169	36	3663	TRUE	0.808	-0.20777602086962865	FALSE	1053	100	0.0371162049407022
ENSG00000178184	chr18:79982669-79983169	27	2484	TRUE	0.948	-0.06896678184557192	FALSE	1053	100	0.02501289082641916
ENSG00000279474	chr18:79982669-79983169	8	483	TRUE	0.976	-0.06537471525017846	FALSE	1053	100	0.004687573243331927
ENSG00000118508	chr6:146875908-146877348	304	22947	TRUE	2.608616973877667e-5	-0.660943246169664	TRUE	1172	1	0.28356068063563494
ENSG00000164506	chr6:146875908-146877348	199	22445	TRUE	0.036	-0.27089025465260574	TRUE	1172	1	0.26532602071907374
ENSG00000146414	chr6:146875908-146877348	147	13520	TRUE	0.408	0.00582277622829297	FALSE	1172	1	0.1452491445178831
ENSG00000227681	chr6:146875908-146877348	19	1471	TRUE	0.52	0.14120327659734588	FALSE	1172	1	0.01646275723058173
ENSG00000233452	chr6:146875908-146877348	8	647	TRUE	0.556	-0.20605367795181717	FALSE	1172	1	0.00671260488445132
ENSG00000164506	chr6:146875908-146877348	199	22445	TRUE	2.873992802515882e-8	-0.635726941009259	TRUE	1172	2	0.26532602071907374
ENSG00000146414	chr6:146875908-146877348	147	13520	TRUE	0.0027914158615511275	-0.43027633857838055	TRUE	1172	2	0.1452491445178831
ENSG00000227681	chr6:146875908-146877348	19	1471	TRUE	0.04	-1.1218311292364485	TRUE	1172	2	0.01646275723058173
ENSG00000233452	chr6:146875908-146877348	8	647	TRUE	0.044	1.0163387433846305	TRUE	1172	2	0.00671260488445132
ENSG00000118508	chr6:146875908-146877348	304	22947	TRUE	0.2	-0.3552645029273769	FALSE	1172	2	0.28356068063563494
ENSG00000164506	chr6:146875908-146877348	199	22445	TRUE	0.0028983479877286444	-0.3692939587136004	TRUE	1172	3	0.26532602071907374
ENSG00000118508	chr6:146875908-146877348	304	22947	TRUE	0.092	-0.4172741652028016	FALSE	1172	3	0.28356068063563494
ENSG00000146414	chr6:146875908-146877348	147	13520	TRUE	0.148	-0.2889204893328392	FALSE	1172	3	0.1452491445178831
ENSG00000233452	chr6:146875908-146877348	8	647	TRUE	0.176	-0.7910161786729741	FALSE	1172	3	0.00671260488445132
ENSG00000227681	chr6:146875908-146877348	19	1471	TRUE	0.908	-0.27383422268149804	FALSE	1172	3	0.01646275723058173
ENSG00000164506	chr6:146875908-146877348	199	22445	TRUE	3.4741625542886395e-05	-0.48100434621061705	TRUE	1172	4	0.26532602071907374
ENSG00000146414	chr6:146875908-146877348	147	13520	TRUE	0.092	-0.31806683499235566	FALSE	1172	4	0.1452491445178831
ENSG00000227681	chr6:146875908-146877348	19	1471	TRUE	0.224	-0.5368686285152924	FALSE	1172	4	0.01646275723058173
ENSG00000118508	chr6:146875908-146877348	304	22947	TRUE	0.476	-0.3229467826546484	FALSE	1172	4	0.28356068063563494
ENSG00000233452	chr6:146875908-146877348	8	647	TRUE	0.672	0.3789088227693389	FALSE	1172	4	0.00671260488445132
ENSG00000118508	chr6:146875908-146877348	304	22947	TRUE	6.313702246408138e-6	-0.7078642935571569	TRUE	1172	5	0.28356068063563494
ENSG00000164506	chr6:146875908-146877348	199	22445	TRUE	3.934021157472132e-4	-0.4094510851855828	TRUE	1172	5	0.26532602071907374
ENSG00000146414	chr6:146875908-146877348	147	13520	TRUE	0.028	-0.3578678430503306	TRUE	1172	5	0.1452491445178831
ENSG00000233452	chr6:146875908-146877348	8	647	TRUE	0.172	-0.7910161786729741	FALSE	1172	5	0.00671260488445132
ENSG00000227681	chr6:146875908-146877348	19	1471	TRUE	0.212	0.20009696565091417	FALSE	1172	5	0.01646275723058173
ENSG00000164506	chr6:146875908-146877348	199	22445	TRUE	3.461895941630263e-5	-0.4627805875917095	TRUE	1172	6	0.26532602071907374
ENSG00000118508	chr6:146875908-146877348	304	22947	TRUE	3.604050229091913e-4	-0.6211029816378735	TRUE	1172	6	0.28356068063563494
ENSG00000146414	chr6:146875908-146877348	147	13520	TRUE	0.04	-0.3578678430503306	TRUE	1172	6	0.1452491445178831
ENSG00000233452	chr6:146875908-146877348	8	647	TRUE	0.304	0.5309119162143885	FALSE	1172	6	0.00671260488445132
ENSG00000227681	chr6:146875908-146877348	19	1471	TRUE	0.828	-0.19583171068022498	FALSE	1172	6	0.01646275723058173
ENSG00000164506	chr6:146875908-146877348	199	22445	TRUE	1.1017347112733048e-4	-0.4627805875917095	TRUE	1172	7	0.26532602071907374
ENSG00000118508	chr6:146875908-146877348	304	22947	TRUE	0.036	-0.48206928799986914	TRUE	1172	7	0.28356068063563494
ENSG00000146414	chr6:146875908-146877348	147	13520	TRUE	0.084	-0.3082858141997704	FALSE	1172	7	0.1452491445178831
ENSG00000227681	chr6:146875908-146877348	19	1471	TRUE	0.428	-0.3562963828734711	FALSE	1172	7	0.01646275723058173
ENSG00000233452	chr6:146875908-146877348	8	647	TRUE	0.536	0.3789088227693389	FALSE	1172	7	0.00671260488445132
ENSG00000146414	chr6:146875908-146877348	147	13520	TRUE	0.005761267312493844	-0.46245674432753026	TRUE	1172	8	0.1452491445178831
ENSG00000164506	chr6:146875908-146877348	199	22445	TRUE	0.056	-0.24470632284895055	FALSE	1172	8	0.26532602071907374
ENSG00000118508	chr6:146875908-146877348	304	22947	TRUE	0.772	-0.26040531658593546	FALSE	1172	8	0.28356068063563494
ENSG00000233452	chr6:146875908-146877348	8	647	TRUE	0.872	0.20898382132702675	FALSE	1172	8	0.00671260488445132
ENSG00000227681	chr6:146875908-146877348	19	1471	TRUE	0.88	-0.051441801345050386	FALSE	1172	8	0.01646275723058173
ENSG00000146414	chr6:146875908-146877348	147	13520	TRUE	0.024	-0.3478141783864075	FALSE	1172	9	0.1452491445178831
ENSG00000118508	chr6:146875908-146877348	304	22947	TRUE	0.048	-0.43690297195173433	FALSE	1172	9	0.28356068063563494
ENSG00000227681	chr6:146875908-146877348	19	1471	TRUE	0.248	-0.6364043020662065	FALSE	1172	9	0.01646275723058173
ENSG00000164506	chr6:146875908-146877348	199	22445	TRUE	0.384	-0.1590762513232542	FALSE	1172	9	0.26532602071907374
ENSG00000233452	chr6:146875908-146877348	8	647	TRUE	0.872	0.20898382132702675	FALSE	1172	9	0.00671260488445132
ENSG00000118508	chr6:146875908-146877348	304	22947	TRUE	2.1695140805434032e-5	-0.6667255987636704	TRUE	1172	10	0.28356068063563494
ENSG00000164506	chr6:146875908-146877348	199	22445	TRUE	2.078757603110686e-4	-0.42700945656988765	TRUE	1172	10	0.26532602071907374
ENSG00000146414	chr6:146875908-146877348	147	13520	TRUE	0.0018347066300241702	-0.4953713668002653	TRUE	1172	10	0.1452491445178831
ENSG00000227681	chr6:146875908-146877348	19	1471	TRUE	0.456	-0.4437592241238102	FALSE	1172	10	0.01646275723058173
ENSG00000233452	chr6:146875908-146877348	8	647	TRUE	0.46	-0.20605367795181717	FALSE	1172	10	0.00671260488445132
ENSG00000164506	chr6:146875908-146877348	199	22445	TRUE	0.0034444532545058436	-0.3692939587136004	TRUE	1172	11	0.26532602071907374
ENSG00000233452	chr6:146875908-146877348	8	647	TRUE	0.068	-1.206053677951818	FALSE	1172	11	0.00671260488445132
ENSG00000146414	chr6:146875908-146877348	147	13520	TRUE	0.136	-0.2793344405036411	FALSE	1172	11	0.1452491445178831
ENSG00000118508	chr6:146875908-146877348	304	22947	TRUE	0.204	-0.3979088403358706	FALSE	1172	11	0.28356068063563494
ENSG00000227681	chr6:146875908-146877348	19	1471	TRUE	0.256	-0.5368686285152924	FALSE	1172	11	0.01646275723058173
ENSG00000164506	chr6:146875908-146877348	199	22445	TRUE	5.233099212072524e-4	-0.4094510851855828	TRUE	1172	12	0.26532602071907374
ENSG00000146414	chr6:146875908-146877348	147	13520	TRUE	0.01846706505019584	-0.40921472305055095	TRUE	1172	12	0.1452491445178831
ENSG00000233452	chr6:146875908-146877348	8	647	TRUE	0.172	-0.7910161786729741	FALSE	1172	12	0.00671260488445132
ENSG00000227681	chr6:146875908-146877348	19	1471	TRUE	0.2	-0.7433195059827185	FALSE	1172	12	0.01646275723058173
ENSG00000118508	chr6:146875908-146877348	304	22947	TRUE	0.332	-0.3552645029273769	FALSE	1172	12	0.28356068063563494
ENSG00000164506	chr6:146875908-146877348	199	22445	TRUE	7.091098345010077e-9	-0.642548206865273	TRUE	1172	13	0.26532602071907374
ENSG00000227681	chr6:146875908-146877348	19	1471	TRUE	0.056	-0.9843276054865129	FALSE	1172	13	0.01646275723058173
ENSG00000118508	chr6:146875908-146877348	304	22947	TRUE	0.108	-0.3883227915066725	FALSE	1172	13	0.28356068063563494
ENSG00000233452	chr6:146875908-146877348	8	647	TRUE	0.14	-0.7910161786729741	FALSE	1172	13	0.00671260488445132
ENSG00000146414	chr6:146875908-146877348	147	13520	TRUE	0.688	-0.15141696558290407	FALSE	1172	13	0.1452491445178831
ENSG00000146414	chr6:146875908-146877348	147	13520	TRUE	0.003424359812770672	-0.46245674432753026	TRUE	1172	14	0.1452491445178831
ENSG00000118508	chr6:146875908-146877348	304	22947	TRUE	0.032	-0.4568025293894389	TRUE	1172	14	0.28356068063563494
ENSG00000233452	chr6:146875908-146877348	8	647	TRUE	0.456	-0.4690880837856115	FALSE	1172	14	0.00671260488445132
ENSG00000164506	chr6:146875908-146877348	199	22445	TRUE	0.504	-0.1348287050765773	FALSE	1172	14	0.26532602071907374
ENSG00000227681	chr6:146875908-146877348	19	1471	TRUE	0.828	-0.27383422268149804	FALSE	1172	14	0.01646275723058173
ENSG00000118508	chr6:146875908-146877348	304	22947	TRUE	1.8325420956879276e-4	-0.6043597178032967	TRUE	1172	15	0.28356068063563494
ENSG00000164506	chr6:146875908-146877348	199	22445	TRUE	0.26	-0.17877205266417429	FALSE	1172	15	0.26532602071907374
ENSG00000146414	chr6:146875908-146877348	147	13520	TRUE	0.444	-0.19581108494135746	FALSE	1172	15	0.1452491445178831
ENSG00000227681	chr6:146875908-146877348	19	1471	TRUE	0.58	-0.3562963828734711	FALSE	1172	15	0.01646275723058173
ENSG00000233452	chr6:146875908-146877348	8	647	TRUE	0.744	0.016338743384630483	FALSE	1172	15	0.00671260488445132
ENSG00000118508	chr6:146875908-146877348	304	22947	TRUE	1.723543587657879e-4	-0.6099192431451972	TRUE	1172	16	0.28356068063563494
ENSG00000233452	chr6:146875908-146877348	8	647	TRUE	0.052	-1.7910161786729741	FALSE	1172	16	0.00671260488445132
ENSG00000164506	chr6:146875908-146877348	199	22445	TRUE	0.196	-0.21898915274057584	FALSE	1172	16	0.26532602071907374
ENSG00000146414	chr6:146875908-146877348	147	13520	TRUE	0.62	-0.05830756119142233	FALSE	1172	16	0.1452491445178831
ENSG00000227681	chr6:146875908-146877348	19	1471	TRUE	0.936	-0.19583171068022498	FALSE	1172	16	0.01646275723058173
ENSG00000146414	chr6:146875908-146877348	147	13520	TRUE	0.001724169849055858	-0.48431617829126994	TRUE	1172	17	0.1452491445178831
ENSG00000227681	chr6:146875908-146877348	19	1471	TRUE	0.015171574043530367	-1.273834222681498	TRUE	1172	17	0.01646275723058173
ENSG00000164506	chr6:146875908-146877348	199	22445	TRUE	0.08	-0.24990522952326977	FALSE	1172	17	0.26532602071907374
ENSG00000118508	chr6:146875908-146877348	304	22947	TRUE	0.22	-0.37406209838150284	FALSE	1172	17	0.28356068063563494
ENSG00000233452	chr6:146875908-146877348	8	647	TRUE	0.396	-0.4690880837856115	FALSE	1172	17	0.00671260488445132
ENSG00000164506	chr6:146875908-146877348	199	22445	TRUE	0.0013385541500197246	-0.3580228463785802	TRUE	1172	18	0.26532602071907374
ENSG00000118508	chr6:146875908-146877348	304	22947	TRUE	0.001950086222970427	-0.533970389911899	TRUE	1172	18	0.28356068063563494
ENSG00000146414	chr6:146875908-146877348	147	13520	TRUE	0.068	-0.3378300898137856	FALSE	1172	18	0.1452491445178831
ENSG00000233452	chr6:146875908-146877348	8	647	TRUE	0.764	0.016338743384630483	FALSE	1172	18	0.00671260488445132
ENSG00000227681	chr6:146875908-146877348	19	1471	TRUE	0.868	-0.19583171068022498	FALSE	1172	18	0.01646275723058173
ENSG00000146414	chr6:146875908-146877348	147	13520	TRUE	0.005929630956500051	-0.4409235827778888	TRUE	1172	19	0.1452491445178831
ENSG00000118508	chr6:146875908-146877348	304	22947	TRUE	0.04	-0.446818440816817	FALSE	1172	19	0.28356068063563494
ENSG00000227681	chr6:146875908-146877348	19	1471	TRUE	0.128	-0.7433195059827185	FALSE	1172	19	0.01646275723058173
ENSG00000164506	chr6:146875908-146877348	199	22445	TRUE	0.464	-0.16397505073609353	FALSE	1172	19	0.26532602071907374
ENSG00000233452	chr6:146875908-146877348	8	647	TRUE	0.896	0.016338743384630483	FALSE	1172	19	0.00671260488445132
ENSG00000146414	chr6:146875908-146877348	147	13520	TRUE	0.12	-0.2889204893328392	FALSE	1172	20	0.1452491445178831
ENSG00000164506	chr6:146875908-146877348	199	22445	TRUE	0.128	-0.21898915274057584	FALSE	1172	20	0.26532602071907374
ENSG00000227681	chr6:146875908-146877348	19	1471	TRUE	0.18	-0.7433195059827185	FALSE	1172	20	0.01646275723058173
ENSG00000118508	chr6:146875908-146877348	304	22947	TRUE	0.204	-0.3552645029273769	FALSE	1172	20	0.28356068063563494
ENSG00000233452	chr6:146875908-146877348	8	647	TRUE	0.964	0.20898382132702675	FALSE	1172	20	0.00671260488445132
ENSG00000118508	chr6:146875908-146877348	304	22947	TRUE	0.011056475637728477	-0.466856194053362	TRUE	1172	21	0.28356068063563494
ENSG00000146414	chr6:146875908-146877348	147	13520	TRUE	0.24	-0.22311843093709305	FALSE	1172	21	0.1452491445178831
ENSG00000227681	chr6:146875908-146877348	19	1471	TRUE	0.376	-0.5368686285152924	FALSE	1172	21	0.01646275723058173
ENSG00000164506	chr6:146875908-146877348	199	22445	TRUE	0.708	-0.11571988212887274	FALSE	1172	21	0.26532602071907374
ENSG00000233452	chr6:146875908-146877348	8	647	TRUE	1	0.20898382132702675	FALSE	1172	21	0.00671260488445132
ENSG00000164506	chr6:146875908-146877348	199	22445	TRUE	1.1457634071900056e-6	-0.5888603359712845	TRUE	1172	22	0.26532602071907374
ENSG00000146414	chr6:146875908-146877348	147	13520	TRUE	0.272	-0.213958431651617	FALSE	1172	22	0.1452491445178831
ENSG00000227681	chr6:146875908-146877348	19	1471	TRUE	0.392	-0.4437592241238102	FALSE	1172	22	0.01646275723058173
ENSG00000233452	chr6:146875908-146877348	8	647	TRUE	0.732	0.016338743384630483	FALSE	1172	22	0.00671260488445132
ENSG00000118508	chr6:146875908-146877348	304	22947	TRUE	0.876	-0.2647837570965097	FALSE	1172	22	0.28356068063563494
ENSG00000146414	chr6:146875908-146877348	147	13520	TRUE	6.67482486756377e-4	-0.5177391798287201	TRUE	1172	23	0.1452491445178831
ENSG00000118508	chr6:146875908-146877348	304	22947	TRUE	0.008206669304444664	-0.5077864581082439	TRUE	1172	23	0.28356068063563494
ENSG00000164506	chr6:146875908-146877348	199	22445	TRUE	0.028	-0.302951463884904	TRUE	1172	23	0.26532602071907374
ENSG00000227681	chr6:146875908-146877348	19	1471	TRUE	0.216	0.25668049401728155	FALSE	1172	23	0.01646275723058173
ENSG00000233452	chr6:146875908-146877348	8	647	TRUE	0.308	-0.7910161786729741	FALSE	1172	23	0.00671260488445132
ENSG00000164506	chr6:146875908-146877348	199	22445	TRUE	2.5521743823597905e-5	-0.4567567999639395	TRUE	1172	24	0.26532602071907374
ENSG00000118508	chr6:146875908-146877348	304	22947	TRUE	2.1809833126630596e-4	-0.598821534261867	TRUE	1172	24	0.28356068063563494
ENSG00000146414	chr6:146875908-146877348	147	13520	TRUE	0.0097986008509712	-0.43027633857838055	TRUE	1172	24	0.1452491445178831
ENSG00000227681	chr6:146875908-146877348	19	1471	TRUE	0.048	-1.1218311292364485	TRUE	1172	24	0.01646275723058173
ENSG00000233452	chr6:146875908-146877348	8	647	TRUE	0.368	-0.4690880837856115	FALSE	1172	24	0.00671260488445132
ENSG00000118508	chr6:146875908-146877348	304	22947	TRUE	0.0012042837675450002	-0.533970389911899	TRUE	1172	25	0.28356068063563494
ENSG00000164506	chr6:146875908-146877348	199	22445	TRUE	0.001964179446779943	-0.32472840628015565	TRUE	1172	25	0.26532602071907374
ENSG00000146414	chr6:146875908-146877348	147	13520	TRUE	0.008443842713786953	-0.4409235827778888	TRUE	1172	25	0.1452491445178831
ENSG00000227681	chr6:146875908-146877348	19	1471	TRUE	0.092	-0.8587967234026541	FALSE	1172	25	0.01646275723058173
ENSG00000233452	chr6:146875908-146877348	8	647	TRUE	0.584	-0.20605367795181717	FALSE	1172	25	0.00671260488445132
ENSG00000164506	chr6:146875908-146877348	199	22445	TRUE	1.0418586675332549e-5	-0.49946125091817795	TRUE	1172	26	0.26532602071907374
ENSG00000118508	chr6:146875908-146877348	304	22947	TRUE	0.0013836930196495859	-0.5392646895814119	TRUE	1172	26	0.28356068063563494
ENSG00000146414	chr6:146875908-146877348	147	13520	TRUE	0.2	-0.2509526391338186	FALSE	1172	26	0.1452491445178831
ENSG00000227681	chr6:146875908-146877348	19	1471	TRUE	0.496	-0.051441801345050386	FALSE	1172	26	0.01646275723058173
ENSG00000233452	chr6:146875908-146877348	8	647	TRUE	0.816	0.20898382132702675	FALSE	1172	26	0.00671260488445132
ENSG00000164506	chr6:146875908-146877348	199	22445	TRUE	0.032	-0.2814983542185865	FALSE	1172	27	0.26532602071907374
ENSG00000227681	chr6:146875908-146877348	19	1471	TRUE	0.076	0.36359569793379354	FALSE	1172	27	0.01646275723058173
ENSG00000146414	chr6:146875908-146877348	147	13520	TRUE	0.1	-0.29857065936655847	FALSE	1172	27	0.1452491445178831
ENSG00000233452	chr6:146875908-146877348	8	647	TRUE	0.104	0.9094235394681185	FALSE	1172	27	0.00671260488445132
ENSG00000118508	chr6:146875908-146877348	304	22947	TRUE	0.164	-0.40272585663364624	FALSE	1172	27	0.28356068063563494
ENSG00000118508	chr6:146875908-146877348	304	22947	TRUE	0.0012382307665470818	-0.5714450953305616	TRUE	1172	28	0.28356068063563494
ENSG00000146414	chr6:146875908-146877348	147	13520	TRUE	0.06	-0.32791462094870294	FALSE	1172	28	0.1452491445178831
ENSG00000233452	chr6:146875908-146877348	8	647	TRUE	0.072	-1.206053677951818	FALSE	1172	28	0.00671260488445132
ENSG00000164506	chr6:146875908-146877348	199	22445	TRUE	0.308	-0.16889054115021018	FALSE	1172	28	0.26532602071907374
ENSG00000227681	chr6:146875908-146877348	19	1471	TRUE	0.684	-0.3562963828734711	FALSE	1172	28	0.01646275723058173
ENSG00000146414	chr6:146875908-146877348	147	13520	TRUE	2.563868618883642e-4	-0.5870018422658339	TRUE	1172	29	0.1452491445178831
ENSG00000118508	chr6:146875908-146877348	304	22947	TRUE	0.024	-0.4618206041560635	TRUE	1172	29	0.28356068063563494
ENSG00000164506	chr6:146875908-146877348	199	22445	TRUE	0.032	-0.2868317985216269	TRUE	1172	29	0.26532602071907374
ENSG00000233452	chr6:146875908-146877348	8	647	TRUE	0.236	-0.4690880837856115	FALSE	1172	29	0.00671260488445132
ENSG00000227681	chr6:146875908-146877348	19	1471	TRUE	0.248	-0.7433195059827185	FALSE	1172	29	0.01646275723058173
ENSG00000164506	chr6:146875908-146877348	199	22445	TRUE	7.15066621113068e-7	-0.5757448361810265	TRUE	1172	30	0.26532602071907374
ENSG00000146414	chr6:146875908-146877348	147	13520	TRUE	1.4800881436990423e-4	-0.5988759425541255	TRUE	1172	30	0.1452491445178831
ENSG00000118508	chr6:146875908-146877348	304	22947	TRUE	0.168	-0.364632685461572	FALSE	1172	30	0.28356068063563494
ENSG00000227681	chr6:146875908-146877348	19	1471	TRUE	0.208	-0.8587967234026541	FALSE	1172	30	0.01646275723058173
ENSG00000233452	chr6:146875908-146877348	8	647	TRUE	0.544	-0.20605367795181717	FALSE	1172	30	0.00671260488445132
ENSG00000118508	chr6:146875908-146877348	304	22947	TRUE	0.01224793674317684	-0.4923012106108253	TRUE	1172	31	0.28356068063563494
ENSG00000164506	chr6:146875908-146877348	199	22445	TRUE	0.08	-0.2656153126119314	FALSE	1172	31	0.26532602071907374
ENSG00000146414	chr6:146875908-146877348	147	13520	TRUE	0.124	-0.31806683499235566	FALSE	1172	31	0.1452491445178831
ENSG00000227681	chr6:146875908-146877348	19	1471	TRUE	0.296	-0.7433195059827185	FALSE	1172	31	0.01646275723058173
ENSG00000233452	chr6:146875908-146877348	8	647	TRUE	0.592	0.3789088227693389	FALSE	1172	31	0.00671260488445132
ENSG00000227681	chr6:146875908-146877348	19	1471	TRUE	0.010241140939864862	0.726165777318502	TRUE	1172	32	0.01646275723058173
ENSG00000118508	chr6:146875908-146877348	304	22947	TRUE	0.015798180761513347	-0.4618206041560635	TRUE	1172	32	0.28356068063563494
ENSG00000146414	chr6:146875908-146877348	147	13520	TRUE	0.196	-0.2603513371360684	FALSE	1172	32	0.1452491445178831
ENSG00000164506	chr6:146875908-146877348	199	22445	TRUE	0.232	-0.21390027606777595	FALSE	1172	32	0.26532602071907374
ENSG00000233452	chr6:146875908-146877348	8	647	TRUE	0.272	0.6684154399643241	FALSE	1172	32	0.00671260488445132
ENSG00000146414	chr6:146875908-146877348	147	13520	TRUE	1.4379441729448286e-4	-0.6108485842202014	TRUE	1172	33	0.1452491445178831
ENSG00000164506	chr6:146875908-146877348	199	22445	TRUE	3.1947996058177266e-4	-0.43883489196667735	TRUE	1172	33	0.26532602071907374
ENSG00000118508	chr6:146875908-146877348	304	22947	TRUE	0.72	-0.20466276465893896	FALSE	1172	33	0.28356068063563494
ENSG00000227681	chr6:146875908-146877348	19	1471	TRUE	0.88	-0.12183112923644845	FALSE	1172	33	0.01646275723058173
ENSG00000233452	chr6:146875908-146877348	8	647	TRUE	0.936	0.016338743384630483	FALSE	1172	33	0.00671260488445132
ENSG00000164506	chr6:146875908-146877348	199	22445	TRUE	0.024	-0.292185033015834	FALSE	1172	34	0.26532602071907374
ENSG00000118508	chr6:146875908-146877348	304	22947	TRUE	0.04	-0.43690297195173433	FALSE	1172	34	0.28356068063563494
ENSG00000146414	chr6:146875908-146877348	147	13520	TRUE	0.124	-0.2793344405036411	FALSE	1172	34	0.1452491445178831
ENSG00000233452	chr6:146875908-146877348	8	647	TRUE	0.724	0.3789088227693389	FALSE	1172	34	0.00671260488445132
ENSG00000227681	chr6:146875908-146877348	19	1471	TRUE	0.916	-0.27383422268149804	FALSE	1172	34	0.01646275723058173
ENSG00000164506	chr6:146875908-146877348	199	22445	TRUE	2.523323535099445e-4	-0.43291005800957194	TRUE	1172	35	0.26532602071907374
ENSG00000118508	chr6:146875908-146877348	304	22947	TRUE	6.09880753331165e-4	-0.5660315991441973	TRUE	1172	35	0.28356068063563494
ENSG00000227681	chr6:146875908-146877348	19	1471	TRUE	0.007269302134988609	-1.4437592241238102	TRUE	1172	35	0.01646275723058173
ENSG00000233452	chr6:146875908-146877348	8	647	TRUE	0.56	0.3789088227693389	FALSE	1172	35	0.00671260488445132
ENSG00000146414	chr6:146875908-146877348	147	13520	TRUE	0.8	-0.13403488735466773	FALSE	1172	35	0.1452491445178831
ENSG00000146414	chr6:146875908-146877348	147	13520	TRUE	4.3563285874108175e-5	-0.6108485842202014	TRUE	1172	36	0.1452491445178831
ENSG00000164506	chr6:146875908-146877348	199	22445	TRUE	2.3344709604414607e-4	-0.43883489196667735	TRUE	1172	36	0.26532602071907374
ENSG00000118508	chr6:146875908-146877348	304	22947	TRUE	0.009108626029438613	-0.4871761784329578	TRUE	1172	36	0.28356068063563494
ENSG00000233452	chr6:146875908-146877348	8	647	TRUE	0.516	-0.20605367795181717	FALSE	1172	36	0.00671260488445132
ENSG00000227681	chr6:146875908-146877348	19	1471	TRUE	0.532	-0.27383422268149804	FALSE	1172	36	0.01646275723058173
ENSG00000118508	chr6:146875908-146877348	304	22947	TRUE	0.013359860920492683	-0.47698041132706925	TRUE	1172	37	0.28356068063563494
ENSG00000164506	chr6:146875908-146877348	199	22445	TRUE	0.036	-0.302951463884904	TRUE	1172	37	0.26532602071907374
ENSG00000227681	chr6:146875908-146877348	19	1471	TRUE	0.048	-1.273834222681498	TRUE	1172	37	0.01646275723058173
ENSG00000233452	chr6:146875908-146877348	8	647	TRUE	0.98	0.016338743384630483	FALSE	1172	37	0.00671260488445132
ENSG00000146414	chr6:146875908-146877348	147	13520	TRUE	0.984	-0.11685974354653572	FALSE	1172	37	0.1452491445178831
ENSG00000146414	chr6:146875908-146877348	147	13520	TRUE	0.009279247945248786	-0.39879810710521246	TRUE	1172	38	0.1452491445178831
ENSG00000118508	chr6:146875908-146877348	304	22947	TRUE	0.014388282142568272	-0.4518018483310724	TRUE	1172	38	0.28356068063563494
ENSG00000164506	chr6:146875908-146877348	199	22445	TRUE	0.108	-0.21390027606777595	FALSE	1172	38	0.26532602071907374
ENSG00000233452	chr6:146875908-146877348	8	647	TRUE	0.492	-0.20605367795181717	FALSE	1172	38	0.00671260488445132
ENSG00000227681	chr6:146875908-146877348	19	1471	TRUE	0.816	-0.12183112923644845	FALSE	1172	38	0.01646275723058173
ENSG00000164506	chr6:146875908-146877348	199	22445	TRUE	4.459642817317773e-4	-0.4567567999639395	TRUE	1172	39	0.26532602071907374
ENSG00000118508	chr6:146875908-146877348	304	22947	TRUE	0.00264303377046083	-0.5392646895814119	TRUE	1172	39	0.28356068063563494
ENSG00000146414	chr6:146875908-146877348	147	13520	TRUE	0.005071224459083645	-0.43027633857838055	TRUE	1172	39	0.1452491445178831
ENSG00000227681	chr6:146875908-146877348	19	1471	TRUE	0.188	-0.7433195059827185	FALSE	1172	39	0.01646275723058173
ENSG00000233452	chr6:146875908-146877348	8	647	TRUE	0.532	0.3789088227693389	FALSE	1172	39	0.00671260488445132
ENSG00000164506	chr6:146875908-146877348	199	22445	TRUE	9.533701881866107e-5	-0.4567567999639395	TRUE	1172	40	0.26532602071907374
ENSG00000146414	chr6:146875908-146877348	147	13520	TRUE	2.553845912960642e-4	-0.5752246744894802	TRUE	1172	40	0.1452491445178831
ENSG00000118508	chr6:146875908-146877348	304	22947	TRUE	0.032	-0.4418521879234676	TRUE	1172	40	0.28356068063563494
ENSG00000233452	chr6:146875908-146877348	8	647	TRUE	0.244	-0.4690880837856115	FALSE	1172	40	0.00671260488445132
ENSG00000227681	chr6:146875908-146877348	19	1471	TRUE	0.616	-0.3562963828734711	FALSE	1172	40	0.01646275723058173
ENSG00000118508	chr6:146875908-146877348	304	22947	TRUE	0.008034403817119729	-0.4871761784329578	TRUE	1172	41	0.28356068063563494
ENSG00000164506	chr6:146875908-146877348	199	22445	TRUE	0.024	-0.2868317985216269	TRUE	1172	41	0.26532602071907374
ENSG00000146414	chr6:146875908-146877348	147	13520	TRUE	0.184	-0.26981166638513443	FALSE	1172	41	0.1452491445178831
ENSG00000227681	chr6:146875908-146877348	19	1471	TRUE	0.492	-0.4437592241238102	FALSE	1172	41	0.01646275723058173
ENSG00000233452	chr6:146875908-146877348	8	647	TRUE	0.956	0.20898382132702675	FALSE	1172	41	0.00671260488445132
ENSG00000118508	chr6:146875908-146877348	304	22947	TRUE	2.2169363192255445e-4	-0.587808541539449	TRUE	1172	42	0.28356068063563494
ENSG00000146414	chr6:146875908-146877348	147	13520	TRUE	0.036	-0.40921472305055095	TRUE	1172	42	0.1452491445178831
ENSG00000233452	chr6:146875908-146877348	8	647	TRUE	0.116	-0.7910161786729741	FALSE	1172	42	0.00671260488445132
ENSG00000164506	chr6:146875908-146877348	199	22445	TRUE	0.152	-0.2240960431736645	FALSE	1172	42	0.26532602071907374
ENSG00000227681	chr6:146875908-146877348	19	1471	TRUE	0.532	-0.4437592241238102	FALSE	1172	42	0.01646275723058173
ENSG00000164506	chr6:146875908-146877348	199	22445	TRUE	1.631895483184139e-5	-0.49946125091817795	TRUE	1172	43	0.26532602071907374
ENSG00000118508	chr6:146875908-146877348	304	22947	TRUE	0.0022939370797173397	-0.5286954478712247	TRUE	1172	43	0.28356068063563494
ENSG00000146414	chr6:146875908-146877348	147	13520	TRUE	0.0023827190202452553	-0.4953713668002653	TRUE	1172	43	0.1452491445178831
ENSG00000227681	chr6:146875908-146877348	19	1471	TRUE	0.292	0.14120327659734588	FALSE	1172	43	0.01646275723058173
ENSG00000233452	chr6:146875908-146877348	8	647	TRUE	0.452	-0.4690880837856115	FALSE	1172	43	0.00671260488445132
ENSG00000118508	chr6:146875908-146877348	304	22947	TRUE	9.897502907176329e-5	-0.6211029816378735	TRUE	1172	44	0.28356068063563494
ENSG00000146414	chr6:146875908-146877348	147	13520	TRUE	0.03583995513898408	-0.32791462094870294	TRUE	1172	44	0.1452491445178831
ENSG00000233452	chr6:146875908-146877348	8	647	TRUE	0.152	-0.7910161786729741	FALSE	1172	44	0.00671260488445132
ENSG00000164506	chr6:146875908-146877348	199	22445	TRUE	0.636	-0.13964572137435294	FALSE	1172	44	0.26532602071907374
ENSG00000227681	chr6:146875908-146877348	19	1471	TRUE	0.824	-0.27383422268149804	FALSE	1172	44	0.01646275723058173
ENSG00000146414	chr6:146875908-146877348	147	13520	TRUE	0.001909671404235376	-0.4733450604702667	TRUE	1172	45	0.1452491445178831
ENSG00000118508	chr6:146875908-146877348	304	22947	TRUE	0.04	-0.48206928799986914	FALSE	1172	45	0.28356068063563494
ENSG00000227681	chr6:146875908-146877348	19	1471	TRUE	0.064	-0.9843276054865129	FALSE	1172	45	0.01646275723058173
ENSG00000233452	chr6:146875908-146877348	8	647	TRUE	0.112	-0.7910161786729741	FALSE	1172	45	0.00671260488445132
ENSG00000164506	chr6:146875908-146877348	199	22445	TRUE	0.416	-0.13964572137435294	FALSE	1172	45	0.26532602071907374
ENSG00000118508	chr6:146875908-146877348	304	22947	TRUE	1.633407393976643e-5	-0.6494476073318347	TRUE	1172	46	0.28356068063563494
ENSG00000164506	chr6:146875908-146877348	199	22445	TRUE	0.028	-0.2868317985216269	TRUE	1172	46	0.26532602071907374
ENSG00000146414	chr6:146875908-146877348	147	13520	TRUE	0.044	-0.36799206032403786	TRUE	1172	46	0.1452491445178831
ENSG00000227681	chr6:146875908-146877348	19	1471	TRUE	0.216	-0.7433195059827185	FALSE	1172	46	0.01646275723058173
ENSG00000233452	chr6:146875908-146877348	8	647	TRUE	0.308	-0.4690880837856115	FALSE	1172	46	0.00671260488445132
ENSG00000118508	chr6:146875908-146877348	304	22947	TRUE	5.66828628896265e-4	-0.598821534261867	TRUE	1172	47	0.28356068063563494
ENSG00000146414	chr6:146875908-146877348	147	13520	TRUE	0.010576128280801012	-0.4197070968681933	TRUE	1172	47	0.1452491445178831
ENSG00000164506	chr6:146875908-146877348	199	22445	TRUE	0.01150874036286098	-0.3192532762140048	TRUE	1172	47	0.26532602071907374
ENSG00000227681	chr6:146875908-146877348	19	1471	TRUE	0.092	-0.9843276054865129	FALSE	1172	47	0.01646275723058173
ENSG00000233452	chr6:146875908-146877348	8	647	TRUE	0.264	-0.4690880837856115	FALSE	1172	47	0.00671260488445132
ENSG00000118508	chr6:146875908-146877348	304	22947	TRUE	0.011462673971855068	-0.4719094217796471	TRUE	1172	48	0.28356068063563494
ENSG00000227681	chr6:146875908-146877348	19	1471	TRUE	0.023765082279183003	-1.273834222681498	TRUE	1172	48	0.01646275723058173
ENSG00000146414	chr6:146875908-146877348	147	13520	TRUE	0.072	-0.3578678430503306	FALSE	1172	48	0.1452491445178831
ENSG00000164506	chr6:146875908-146877348	199	22445	TRUE	0.172	-0.20377605879406868	FALSE	1172	48	0.26532602071907374
ENSG00000233452	chr6:146875908-146877348	8	647	TRUE	0.408	-0.4690880837856115	FALSE	1172	48	0.00671260488445132
ENSG00000118508	chr6:146875908-146877348	304	22947	TRUE	5.647734631567664e-7	-0.7319097675238078	TRUE	1172	49	0.28356068063563494
ENSG00000164506	chr6:146875908-146877348	199	22445	TRUE	4.164205838966175e-6	-0.5307573814077164	TRUE	1172	49	0.26532602071907374
ENSG00000146414	chr6:146875908-146877348	147	13520	TRUE	7.2663804648305606e-6	-0.6722491288843448	TRUE	1172	49	0.1452491445178831
ENSG00000227681	chr6:146875908-146877348	19	1471	TRUE	0.264	-0.6364043020662065	FALSE	1172	49	0.01646275723058173
ENSG00000233452	chr6:146875908-146877348	8	647	TRUE	0.296	-0.4690880837856115	FALSE	1172	49	0.00671260488445132
ENSG00000118508	chr6:146875908-146877348	304	22947	TRUE	0.0012500135605052008	-0.587808541539449	TRUE	1172	50	0.28356068063563494
ENSG00000164506	chr6:146875908-146877348	199	22445	TRUE	0.0014134548811021372	-0.35242014014920375	TRUE	1172	50	0.26532602071907374
ENSG00000146414	chr6:146875908-146877348	147	13520	TRUE	0.248	-0.24161477455448255	FALSE	1172	50	0.1452491445178831
ENSG00000233452	chr6:146875908-146877348	8	647	TRUE	0.304	0.5309119162143885	FALSE	1172	50	0.00671260488445132
ENSG00000227681	chr6:146875908-146877348	19	1471	TRUE	0.7	-0.051441801345050386	FALSE	1172	50	0.01646275723058173
ENSG00000118508	chr6:146875908-146877348	304	22947	TRUE	0.0023663550904460817	-0.5182030740535823	TRUE	1172	51	0.28356068063563494
ENSG00000146414	chr6:146875908-146877348	147	13520	TRUE	0.004242998684961093	-0.4733450604702667	TRUE	1172	51	0.1452491445178831
ENSG00000227681	chr6:146875908-146877348	19	1471	TRUE	0.164	-0.8587967234026541	FALSE	1172	51	0.01646275723058173
ENSG00000164506	chr6:146875908-146877348	199	22445	TRUE	0.292	0.024369889772676512	FALSE	1172	51	0.26532602071907374
ENSG00000233452	chr6:146875908-146877348	8	647	TRUE	0.836	0.016338743384630483	FALSE	1172	51	0.00671260488445132
ENSG00000164506	chr6:146875908-146877348	199	22445	TRUE	1.8052219029859526e-4	-0.4094510851855828	TRUE	1172	52	0.26532602071907374
ENSG00000146414	chr6:146875908-146877348	147	13520	TRUE	0.084	-0.31806683499235566	FALSE	1172	52	0.1452491445178831
ENSG00000118508	chr6:146875908-146877348	304	22947	TRUE	0.148	-0.37880001738816604	FALSE	1172	52	0.28356068063563494
ENSG00000227681	chr6:146875908-146877348	19	1471	TRUE	0.232	-0.6364043020662065	FALSE	1172	52	0.01646275723058173
ENSG00000233452	chr6:146875908-146877348	8	647	TRUE	0.824	0.016338743384630483	FALSE	1172	52	0.00671260488445132
ENSG00000118508	chr6:146875908-146877348	304	22947	TRUE	5.675638638224078e-4	-0.560638340373979	TRUE	1172	53	0.28356068063563494
ENSG00000164506	chr6:146875908-146877348	199	22445	TRUE	0.002412235366182021	-0.37496270880029225	TRUE	1172	53	0.26532602071907374
ENSG00000146414	chr6:146875908-146877348	147	13520	TRUE	0.009057738067466539	-0.4409235827778888	TRUE	1172	53	0.1452491445178831
ENSG00000227681	chr6:146875908-146877348	19	1471	TRUE	0.032	-1.273834222681498	TRUE	1172	53	0.01646275723058173
ENSG00000233452	chr6:146875908-146877348	8	647	TRUE	0.736	0.016338743384630483	FALSE	1172	53	0.00671260488445132
ENSG00000164506	chr6:146875908-146877348	199	22445	TRUE	0.04	-0.2868317985216269	FALSE	1172	54	0.26532602071907374
ENSG00000146414	chr6:146875908-146877348	147	13520	TRUE	0.044	-0.3578678430503306	FALSE	1172	54	0.1452491445178831
ENSG00000227681	chr6:146875908-146877348	19	1471	TRUE	0.148	-0.8587967234026541	FALSE	1172	54	0.01646275723058173
ENSG00000118508	chr6:146875908-146877348	304	22947	TRUE	0.364	-0.3093149170668821	FALSE	1172	54	0.28356068063563494
ENSG00000233452	chr6:146875908-146877348	8	647	TRUE	0.876	0.20898382132702675	FALSE	1172	54	0.00671260488445132
ENSG00000118508	chr6:146875908-146877348	304	22947	TRUE	0.006660890456193613	-0.502606219002564	TRUE	1172	55	0.28356068063563494
ENSG00000146414	chr6:146875908-146877348	147	13520	TRUE	0.007708315378216535	-0.40921472305055095	TRUE	1172	55	0.1452491445178831
ENSG00000164506	chr6:146875908-146877348	199	22445	TRUE	0.072	-0.2656153126119314	FALSE	1172	55	0.26532602071907374
ENSG00000233452	chr6:146875908-146877348	8	647	TRUE	0.356	-0.4690880837856115	FALSE	1172	55	0.00671260488445132
ENSG00000227681	chr6:146875908-146877348	19	1471	TRUE	0.856	-0.27383422268149804	FALSE	1172	55	0.01646275723058173
ENSG00000164506	chr6:146875908-146877348	199	22445	TRUE	0.032	-0.29755820511468567	FALSE	1172	56	0.26532602071907374
ENSG00000146414	chr6:146875908-146877348	147	13520	TRUE	0.148	-0.2793344405036411	FALSE	1172	56	0.1452491445178831
ENSG00000227681	chr6:146875908-146877348	19	1471	TRUE	0.168	0.36359569793379354	FALSE	1172	56	0.01646275723058173
ENSG00000118508	chr6:146875908-146877348	304	22947	TRUE	0.428	-0.33210678194012444	FALSE	1172	56	0.28356068063563494
ENSG00000233452	chr6:146875908-146877348	8	647	TRUE	0.676	0.3789088227693389	FALSE	1172	56	0.00671260488445132
ENSG00000164506	chr6:146875908-146877348	199	22445	TRUE	0.024	-0.31379884612189635	FALSE	1172	57	0.26532602071907374
ENSG00000118508	chr6:146875908-146877348	304	22947	TRUE	0.044	-0.4221563865825475	FALSE	1172	57	0.28356068063563494
ENSG00000146414	chr6:146875908-146877348	147	13520	TRUE	0.14	-0.31806683499235566	FALSE	1172	57	0.1452491445178831
ENSG00000227681	chr6:146875908-146877348	19	1471	TRUE	0.384	-0.5368686285152924	FALSE	1172	57	0.01646275723058173
ENSG00000233452	chr6:146875908-146877348	8	647	TRUE	0.78	0.3789088227693389	FALSE	1172	57	0.00671260488445132
ENSG00000164506	chr6:146875908-146877348	199	22445	TRUE	0.0052784340011068145	-0.34127958254400337	TRUE	1172	58	0.26532602071907374
ENSG00000118508	chr6:146875908-146877348	304	22947	TRUE	0.028	-0.4974445138867847	TRUE	1172	58	0.28356068063563494
ENSG00000146414	chr6:146875908-146877348	147	13520	TRUE	0.028	-0.3578678430503306	TRUE	1172	58	0.1452491445178831
ENSG00000233452	chr6:146875908-146877348	8	647	TRUE	0.484	0.5309119162143885	FALSE	1172	58	0.00671260488445132
ENSG00000227681	chr6:146875908-146877348	19	1471	TRUE	0.496	-0.051441801345050386	FALSE	1172	58	0.01646275723058173
ENSG00000118508	chr6:146875908-146877348	304	22947	TRUE	4.2214139134090153e-5	-0.6959901932688652	TRUE	1172	59	0.28356068063563494
ENSG00000146414	chr6:146875908-146877348	147	13520	TRUE	0.01741970953312849	-0.36799206032403786	TRUE	1172	59	0.1452491445178831
ENSG00000164506	chr6:146875908-146877348	199	22445	TRUE	0.028	-0.27089025465260574	TRUE	1172	59	0.26532602071907374
ENSG00000227681	chr6:146875908-146877348	19	1471	TRUE	0.532	-0.3562963828734711	FALSE	1172	59	0.01646275723058173
ENSG00000233452	chr6:146875908-146877348	8	647	TRUE	0.552	0.3789088227693389	FALSE	1172	59	0.00671260488445132
ENSG00000118508	chr6:146875908-146877348	304	22947	TRUE	0.064	-0.4518018483310724	FALSE	1172	60	0.28356068063563494
ENSG00000146414	chr6:146875908-146877348	147	13520	TRUE	0.072	-0.3478141783864075	FALSE	1172	60	0.1452491445178831
ENSG00000164506	chr6:146875908-146877348	199	22445	TRUE	0.384	-0.16889054115021018	FALSE	1172	60	0.26532602071907374
ENSG00000233452	chr6:146875908-146877348	8	647	TRUE	0.448	-0.20605367795181717	FALSE	1172	60	0.00671260488445132
ENSG00000227681	chr6:146875908-146877348	19	1471	TRUE	0.62	-0.4437592241238102	FALSE	1172	60	0.01646275723058173
ENSG00000146414	chr6:146875908-146877348	147	13520	TRUE	6.565908954696883e-4	-0.5752246744894802	TRUE	1172	61	0.1452491445178831
ENSG00000233452	chr6:146875908-146877348	8	647	TRUE	0.024	-1.7910161786729741	TRUE	1172	61	0.00671260488445132
ENSG00000227681	chr6:146875908-146877348	19	1471	TRUE	0.052	-0.9843276054865129	TRUE	1172	61	0.01646275723058173
ENSG00000164506	chr6:146875908-146877348	199	22445	TRUE	0.124	-0.23952608374327067	FALSE	1172	61	0.26532602071907374
ENSG00000118508	chr6:146875908-146877348	304	22947	TRUE	0.152	-0.3835535473588003	FALSE	1172	61	0.28356068063563494
ENSG00000146414	chr6:146875908-146877348	147	13520	TRUE	0.024	-0.3781878274299264	FALSE	1172	62	0.1452491445178831
ENSG00000164506	chr6:146875908-146877348	199	22445	TRUE	0.1	-0.24990522952326977	FALSE	1172	62	0.26532602071907374
ENSG00000227681	chr6:146875908-146877348	19	1471	TRUE	0.16	-0.8587967234026541	FALSE	1172	62	0.01646275723058173
ENSG00000233452	chr6:146875908-146877348	8	647	TRUE	0.216	0.7939463220481828	FALSE	1172	62	0.00671260488445132
ENSG00000118508	chr6:146875908-146877348	304	22947	TRUE	0.428	-0.3229467826546484	FALSE	1172	62	0.28356068063563494
ENSG00000164506	chr6:146875908-146877348	199	22445	TRUE	0.0016942985556551576	-0.3806538208781478	TRUE	1172	63	0.26532602071907374
ENSG00000233452	chr6:146875908-146877348	8	647	TRUE	0.128	-0.7910161786729741	FALSE	1172	63	0.00671260488445132
ENSG00000227681	chr6:146875908-146877348	19	1471	TRUE	0.22	0.20009696565091417	FALSE	1172	63	0.01646275723058173
ENSG00000118508	chr6:146875908-146877348	304	22947	TRUE	0.296	-0.341325311969503	FALSE	1172	63	0.28356068063563494
ENSG00000146414	chr6:146875908-146877348	147	13520	TRUE	0.36	-0.19581108494135746	FALSE	1172	63	0.1452491445178831
ENSG00000118508	chr6:146875908-146877348	304	22947	TRUE	4.589848896561779e-5	-0.6667255987636704	TRUE	1172	64	0.28356068063563494
ENSG00000164506	chr6:146875908-146877348	199	22445	TRUE	0.0019187084528673876	-0.3863674720725414	TRUE	1172	64	0.26532602071907374
ENSG00000146414	chr6:146875908-146877348	147	13520	TRUE	0.036	-0.3478141783864075	TRUE	1172	64	0.1452491445178831
ENSG00000233452	chr6:146875908-146877348	8	647	TRUE	0.396	-0.4690880837856115	FALSE	1172	64	0.00671260488445132
ENSG00000227681	chr6:146875908-146877348	19	1471	TRUE	0.74	-0.27383422268149804	FALSE	1172	64	0.01646275723058173
ENSG00000164506	chr6:146875908-146877348	199	22445	TRUE	1.575784140966037e-4	-0.4567567999639395	TRUE	1172	65	0.26532602071907374
ENSG00000118508	chr6:146875908-146877348	304	22947	TRUE	0.024	-0.4568025293894389	TRUE	1172	65	0.28356068063563494
ENSG00000146414	chr6:146875908-146877348	147	13520	TRUE	0.08	-0.32791462094870294	FALSE	1172	65	0.1452491445178831
ENSG00000227681	chr6:146875908-146877348	19	1471	TRUE	0.664	-0.3562963828734711	FALSE	1172	65	0.01646275723058173
ENSG00000233452	chr6:146875908-146877348	8	647	TRUE	0.848	0.016338743384630483	FALSE	1172	65	0.00671260488445132
ENSG00000164506	chr6:146875908-146877348	199	22445	TRUE	0.00635967927055036	-0.31379884612189635	TRUE	1172	66	0.26532602071907374
ENSG00000118508	chr6:146875908-146877348	304	22947	TRUE	0.164	-0.36933968813909956	FALSE	1172	66	0.28356068063563494
ENSG00000233452	chr6:146875908-146877348	8	647	TRUE	0.432	-0.20605367795181717	FALSE	1172	66	0.00671260488445132
ENSG00000146414	chr6:146875908-146877348	147	13520	TRUE	0.512	-0.18682230171410286	FALSE	1172	66	0.1452491445178831
ENSG00000227681	chr6:146875908-146877348	19	1471	TRUE	0.944	-0.19583171068022498	FALSE	1172	66	0.01646275723058173
ENSG00000164506	chr6:146875908-146877348	199	22445	TRUE	4.742304505855881e-5	-0.49946125091817795	TRUE	1172	67	0.26532602071907374
ENSG00000118508	chr6:146875908-146877348	304	22947	TRUE	0.0024932639886491095	-0.502606219002564	TRUE	1172	67	0.28356068063563494
ENSG00000227681	chr6:146875908-146877348	19	1471	TRUE	0.028	0.5562407758761898	TRUE	1172	67	0.01646275723058173
ENSG00000146414	chr6:146875908-146877348	147	13520	TRUE	0.168	0.021419631279311346	FALSE	1172	67	0.1452491445178831
ENSG00000233452	chr6:146875908-146877348	8	647	TRUE	0.184	0.7939463220481828	FALSE	1172	67	0.00671260488445132
ENSG00000146414	chr6:146875908-146877348	147	13520	TRUE	0.0016122035142820852	-0.5290544930565542	TRUE	1172	68	0.1452491445178831
ENSG00000118508	chr6:146875908-146877348	304	22947	TRUE	0.0016331899385678555	-0.5445784894778798	TRUE	1172	68	0.28356068063563494
ENSG00000164506	chr6:146875908-146877348	199	22445	TRUE	0.00790907063843295	-0.3357413990025737	TRUE	1172	68	0.26532602071907374
ENSG00000233452	chr6:146875908-146877348	8	647	TRUE	0.024	1.1158744169355446	TRUE	1172	68	0.00671260488445132
ENSG00000227681	chr6:146875908-146877348	19	1471	TRUE	0.192	-0.6364043020662065	FALSE	1172	68	0.01646275723058173
ENSG00000164506	chr6:146875908-146877348	199	22445	TRUE	0.0064178720184962235	-0.3692939587136004	TRUE	1172	69	0.26532602071907374
ENSG00000146414	chr6:146875908-146877348	147	13520	TRUE	0.007913925904585464	-0.43027633857838055	TRUE	1172	69	0.1452491445178831
ENSG00000118508	chr6:146875908-146877348	304	22947	TRUE	0.028	-0.4568025293894389	TRUE	1172	69	0.28356068063563494
ENSG00000227681	chr6:146875908-146877348	19	1471	TRUE	0.344	-0.4437592241238102	FALSE	1172	69	0.01646275723058173
ENSG00000233452	chr6:146875908-146877348	8	647	TRUE	0.648	-0.20605367795181717	FALSE	1172	69	0.00671260488445132
ENSG00000118508	chr6:146875908-146877348	304	22947	TRUE	1.3948095974401613e-7	-0.7749784894156939	TRUE	1172	70	0.28356068063563494
ENSG00000146414	chr6:146875908-146877348	147	13520	TRUE	1.996440659470433e-6	-0.7233233134786143	TRUE	1172	70	0.1452491445178831
ENSG00000164506	chr6:146875908-146877348	199	22445	TRUE	0.009676223693660196	-0.33022439403500803	TRUE	1172	70	0.26532602071907374
ENSG00000233452	chr6:146875908-146877348	8	647	TRUE	0.156	-0.7910161786729741	FALSE	1172	70	0.00671260488445132
ENSG00000227681	chr6:146875908-146877348	19	1471	TRUE	0.336	-0.6364043020662065	FALSE	1172	70	0.01646275723058173
ENSG00000118508	chr6:146875908-146877348	304	22947	TRUE	0.001300027792282426	-0.5129853647825631	TRUE	1172	71	0.28356068063563494
ENSG00000164506	chr6:146875908-146877348	199	22445	TRUE	0.02036012806292689	-0.29755820511468567	TRUE	1172	71	0.26532602071907374
ENSG00000227681	chr6:146875908-146877348	19	1471	TRUE	0.03210948320149232	-1.1218311292364485	TRUE	1172	71	0.01646275723058173
ENSG00000233452	chr6:146875908-146877348	8	647	TRUE	0.772	0.3789088227693389	FALSE	1172	71	0.00671260488445132
ENSG00000146414	chr6:146875908-146877348	147	13520	TRUE	0.812	-0.09147442512662218	FALSE	1172	71	0.1452491445178831
ENSG00000146414	chr6:146875908-146877348	147	13520	TRUE	0.006137323655295811	-0.43027633857838055	TRUE	1172	72	0.1452491445178831
ENSG00000118508	chr6:146875908-146877348	304	22947	TRUE	0.064	-0.4221563865825475	FALSE	1172	72	0.28356068063563494
ENSG00000164506	chr6:146875908-146877348	199	22445	TRUE	0.076	-0.26035958716043606	FALSE	1172	72	0.26532602071907374
ENSG00000227681	chr6:146875908-146877348	19	1471	TRUE	0.264	-0.5368686285152924	FALSE	1172	72	0.01646275723058173
ENSG00000233452	chr6:146875908-146877348	8	647	TRUE	0.696	0.20898382132702675	FALSE	1172	72	0.00671260488445132
ENSG00000164506	chr6:146875908-146877348	199	22445	TRUE	4.237637586062865e-6	-0.5244436074755141	TRUE	1172	73	0.26532602071907374
ENSG00000146414	chr6:146875908-146877348	147	13520	TRUE	0.013384151916074616	-0.3884561628837533	TRUE	1172	73	0.1452491445178831
ENSG00000118508	chr6:146875908-146877348	304	22947	TRUE	0.124	-0.40272585663364624	FALSE	1172	73	0.28356068063563494
ENSG00000233452	chr6:146875908-146877348	8	647	TRUE	0.224	0.6684154399643241	FALSE	1172	73	0.00671260488445132
ENSG00000227681	chr6:146875908-146877348	19	1471	TRUE	0.684	-0.3562963828734711	FALSE	1172	73	0.01646275723058173
ENSG00000146414	chr6:146875908-146877348	147	13520	TRUE	0.012733393949924954	-0.39879810710521246	TRUE	1172	74	0.1452491445178831
ENSG00000164506	chr6:146875908-146877348	199	22445	TRUE	0.06	-0.23952608374327067	FALSE	1172	74	0.26532602071907374
ENSG00000118508	chr6:146875908-146877348	304	22947	TRUE	0.1	-0.3979088403358706	FALSE	1172	74	0.28356068063563494
ENSG00000233452	chr6:146875908-146877348	8	647	TRUE	0.956	0.016338743384630483	FALSE	1172	74	0.00671260488445132
ENSG00000227681	chr6:146875908-146877348	19	1471	TRUE	0.984	-0.19583171068022498	FALSE	1172	74	0.01646275723058173
ENSG00000164506	chr6:146875908-146877348	199	22445	TRUE	0.0011984881348381937	-0.3692939587136004	TRUE	1172	75	0.26532602071907374
ENSG00000118508	chr6:146875908-146877348	304	22947	TRUE	0.01574385199304537	-0.4923012106108253	TRUE	1172	75	0.28356068063563494
ENSG00000146414	chr6:146875908-146877348	147	13520	TRUE	0.308	-0.2603513371360684	FALSE	1172	75	0.1452491445178831
ENSG00000233452	chr6:146875908-146877348	8	647	TRUE	0.676	0.016338743384630483	FALSE	1172	75	0.00671260488445132
ENSG00000227681	chr6:146875908-146877348	19	1471	TRUE	0.992	-0.27383422268149804	FALSE	1172	75	0.01646275723058173
ENSG00000164506	chr6:146875908-146877348	199	22445	TRUE	2.0620353176532564e-6	-0.556292473514854	TRUE	1172	76	0.26532602071907374
ENSG00000118508	chr6:146875908-146877348	304	22947	TRUE	0.008444368447809214	-0.4974445138867847	TRUE	1172	76	0.28356068063563494
ENSG00000146414	chr6:146875908-146877348	147	13520	TRUE	0.032	-0.3578678430503306	TRUE	1172	76	0.1452491445178831
ENSG00000233452	chr6:146875908-146877348	8	647	TRUE	0.584	-0.20605367795181717	FALSE	1172	76	0.00671260488445132
ENSG00000227681	chr6:146875908-146877348	19	1471	TRUE	0.792	-0.19583171068022498	FALSE	1172	76	0.01646275723058173
ENSG00000227681	chr6:146875908-146877348	19	1471	TRUE	2.7328140955079627e-4	-2.443759224123811	TRUE	1172	77	0.01646275723058173
ENSG00000146414	chr6:146875908-146877348	147	13520	TRUE	6.7810392253927e-4	-0.5404592563288033	TRUE	1172	77	0.1452491445178831
ENSG00000118508	chr6:146875908-146877348	304	22947	TRUE	0.0016	-0.5234397224197294	TRUE	1172	77	0.28356068063563494
ENSG00000164506	chr6:146875908-146877348	199	22445	TRUE	0.024	-0.2868317985216269	TRUE	1172	77	0.26532602071907374
ENSG00000233452	chr6:146875908-146877348	8	647	TRUE	0.28	-0.7910161786729741	FALSE	1172	77	0.00671260488445132
ENSG00000118508	chr6:146875908-146877348	304	22947	TRUE	0.0014902158614573495	-0.5182030740535823	TRUE	1172	78	0.28356068063563494
ENSG00000146414	chr6:146875908-146877348	147	13520	TRUE	0.032	-0.3884561628837533	TRUE	1172	78	0.1452491445178831
ENSG00000164506	chr6:146875908-146877348	199	22445	TRUE	0.268	-0.18373830555752368	FALSE	1172	78	0.26532602071907374
ENSG00000227681	chr6:146875908-146877348	19	1471	TRUE	0.364	-0.5368686285152924	FALSE	1172	78	0.01646275723058173
ENSG00000233452	chr6:146875908-146877348	8	647	TRUE	0.788	0.3789088227693389	FALSE	1172	78	0.00671260488445132
ENSG00000118508	chr6:146875908-146877348	304	22947	TRUE	9.313782721582977e-5	-0.6211029816378735	TRUE	1172	79	0.28356068063563494
ENSG00000146414	chr6:146875908-146877348	147	13520	TRUE	0.003736760941764533	-0.4409235827778888	TRUE	1172	79	0.1452491445178831
ENSG00000233452	chr6:146875908-146877348	8	647	TRUE	0.248	-0.4690880837856115	FALSE	1172	79	0.00671260488445132
ENSG00000164506	chr6:146875908-146877348	199	22445	TRUE	0.336	-0.17877205266417429	FALSE	1172	79	0.26532602071907374
ENSG00000227681	chr6:146875908-146877348	19	1471	TRUE	0.484	0.07980273193320286	FALSE	1172	79	0.01646275723058173
ENSG00000146414	chr6:146875908-146877348	147	13520	TRUE	1.1113698542585329e-4	-0.635096130466879	TRUE	1172	80	0.1452491445178831
ENSG00000118508	chr6:146875908-146877348	304	22947	TRUE	3.8405104310169913e-4	-0.5768789813811896	TRUE	1172	80	0.28356068063563494
ENSG00000164506	chr6:146875908-146877348	199	22445	TRUE	0.0032713250076310194	-0.3863674720725414	TRUE	1172	80	0.26532602071907374
ENSG00000227681	chr6:146875908-146877348	19	1471	TRUE	0.824	0.01567239451348712	FALSE	1172	80	0.01646275723058173
ENSG00000233452	chr6:146875908-146877348	8	647	TRUE	0.924	0.20898382132702675	FALSE	1172	80	0.00671260488445132
ENSG00000118508	chr6:146875908-146877348	304	22947	TRUE	0.0034400107190618798	-0.5077864581082439	TRUE	1172	81	0.28356068063563494
ENSG00000164506	chr6:146875908-146877348	199	22445	TRUE	0.0051214518575433965	-0.32472840628015565	TRUE	1172	81	0.26532602071907374
ENSG00000146414	chr6:146875908-146877348	147	13520	TRUE	0.048	-0.3578678430503306	TRUE	1172	81	0.1452491445178831
ENSG00000227681	chr6:146875908-146877348	19	1471	TRUE	0.488	-0.3562963828734711	FALSE	1172	81	0.01646275723058173
ENSG00000233452	chr6:146875908-146877348	8	647	TRUE	0.776	0.20898382132702675	FALSE	1172	81	0.00671260488445132
ENSG00000164506	chr6:146875908-146877348	199	22445	TRUE	0.0018072752563267173	-0.3921038416216862	TRUE	1172	82	0.26532602071907374
ENSG00000118508	chr6:146875908-146877348	304	22947	TRUE	0.013658022649722781	-0.4719094217796471	TRUE	1172	82	0.28356068063563494
ENSG00000227681	chr6:146875908-146877348	19	1471	TRUE	0.076	0.36359569793379354	FALSE	1172	82	0.01646275723058173
ENSG00000233452	chr6:146875908-146877348	8	647	TRUE	0.38	-0.20605367795181717	FALSE	1172	82	0.00671260488445132
ENSG00000146414	chr6:146875908-146877348	147	13520	TRUE	0.552	-0.16901102559764247	FALSE	1172	82	0.1452491445178831
ENSG00000146414	chr6:146875908-146877348	147	13520	TRUE	0.032	-0.3781878274299264	FALSE	1172	83	0.1452491445178831
ENSG00000118508	chr6:146875908-146877348	304	22947	TRUE	0.044	-0.4221563865825475	FALSE	1172	83	0.28356068063563494
ENSG00000227681	chr6:146875908-146877348	19	1471	TRUE	0.336	0.07980273193320286	FALSE	1172	83	0.01646275723058173
ENSG00000233452	chr6:146875908-146877348	8	647	TRUE	0.728	-0.20605367795181717	FALSE	1172	83	0.00671260488445132
ENSG00000164506	chr6:146875908-146877348	199	22445	TRUE	0.74	-0.11571988212887274	FALSE	1172	83	0.26532602071907374
ENSG00000164506	chr6:146875908-146877348	199	22445	TRUE	0.027838676565403703	-0.30836496007126835	TRUE	1172	84	0.26532602071907374
ENSG00000118508	chr6:146875908-146877348	304	22947	TRUE	0.036	-0.446818440816817	TRUE	1172	84	0.28356068063563494
ENSG00000227681	chr6:146875908-146877348	19	1471	TRUE	0.124	-0.8587967234026541	FALSE	1172	84	0.01646275723058173
ENSG00000146414	chr6:146875908-146877348	147	13520	TRUE	0.168	0.013642280687592212	FALSE	1172	84	0.1452491445178831
ENSG00000233452	chr6:146875908-146877348	8	647	TRUE	0.66	0.016338743384630483	FALSE	1172	84	0.00671260488445132
ENSG00000118508	chr6:146875908-146877348	304	22947	TRUE	0.0076953244507558805	-0.5077864581082439	TRUE	1172	85	0.28356068063563494
ENSG00000164506	chr6:146875908-146877348	199	22445	TRUE	0.048	-0.24470632284895055	TRUE	1172	85	0.26532602071907374
ENSG00000146414	chr6:146875908-146877348	147	13520	TRUE	0.056	-0.3478141783864075	TRUE	1172	85	0.1452491445178831
ENSG00000227681	chr6:146875908-146877348	19	1471	TRUE	0.256	-0.5368686285152924	FALSE	1172	85	0.01646275723058173
ENSG00000233452	chr6:146875908-146877348	8	647	TRUE	0.552	-0.20605367795181717	FALSE	1172	85	0.00671260488445132
ENSG00000146414	chr6:146875908-146877348	147	13520	TRUE	0.007593850641491099	-0.4409235827778888	TRUE	1172	86	0.1452491445178831
ENSG00000118508	chr6:146875908-146877348	304	22947	TRUE	0.024	-0.4518018483310724	TRUE	1172	86	0.28356068063563494
ENSG00000164506	chr6:146875908-146877348	199	22445	TRUE	0.028	-0.292185033015834	TRUE	1172	86	0.26532602071907374
ENSG00000227681	chr6:146875908-146877348	19	1471	TRUE	0.1	-0.8587967234026541	FALSE	1172	86	0.01646275723058173
ENSG00000233452	chr6:146875908-146877348	8	647	TRUE	0.2	-0.7910161786729741	FALSE	1172	86	0.00671260488445132
ENSG00000146414	chr6:146875908-146877348	147	13520	TRUE	2.445213647576331e-5	-0.6108485842202014	TRUE	1172	87	0.1452491445178831
ENSG00000118508	chr6:146875908-146877348	304	22947	TRUE	0.01674549818585358	-0.4518018483310724	TRUE	1172	87	0.28356068063563494
ENSG00000164506	chr6:146875908-146877348	199	22445	TRUE	0.06	-0.23436437862749138	FALSE	1172	87	0.26532602071907374
ENSG00000227681	chr6:146875908-146877348	19	1471	TRUE	0.768	-0.27383422268149804	FALSE	1172	87	0.01646275723058173
ENSG00000233452	chr6:146875908-146877348	8	647	TRUE	0.772	0.20898382132702675	FALSE	1172	87	0.00671260488445132
ENSG00000146414	chr6:146875908-146877348	147	13520	TRUE	4.0400706434956177e-4	-0.5752246744894802	TRUE	1172	88	0.1452491445178831
ENSG00000164506	chr6:146875908-146877348	199	22445	TRUE	4.7428449027474544e-4	-0.41528016398778034	TRUE	1172	88	0.26532602071907374
ENSG00000118508	chr6:146875908-146877348	304	22947	TRUE	5.16472755428328e-4	-0.560638340373979	TRUE	1172	88	0.28356068063563494
ENSG00000227681	chr6:146875908-146877348	19	1471	TRUE	0.244	-0.6364043020662065	FALSE	1172	88	0.01646275723058173
ENSG00000233452	chr6:146875908-146877348	8	647	TRUE	0.308	-0.4690880837856115	FALSE	1172	88	0.00671260488445132
ENSG00000118508	chr6:146875908-146877348	304	22947	TRUE	1.8687868877279067e-4	-0.598821534261867	TRUE	1172	89	0.28356068063563494
ENSG00000164506	chr6:146875908-146877348	199	22445	TRUE	0.004011440272863057	-0.3468391078859039	TRUE	1172	89	0.26532602071907374
ENSG00000146414	chr6:146875908-146877348	147	13520	TRUE	0.004937571255081999	-0.4409235827778888	TRUE	1172	89	0.1452491445178831
ENSG00000227681	chr6:146875908-146877348	19	1471	TRUE	0.684	-0.27383422268149804	FALSE	1172	89	0.01646275723058173
ENSG00000233452	chr6:146875908-146877348	8	647	TRUE	0.808	0.016338743384630483	FALSE	1172	89	0.00671260488445132
ENSG00000146414	chr6:146875908-146877348	147	13520	TRUE	2.492665235478801e-4	-0.5752246744894802	TRUE	1172	90	0.1452491445178831
ENSG00000164506	chr6:146875908-146877348	199	22445	TRUE	0.116	-0.23436437862749138	FALSE	1172	90	0.26532602071907374
ENSG00000118508	chr6:146875908-146877348	304	22947	TRUE	0.248	-0.37880001738816604	FALSE	1172	90	0.28356068063563494
ENSG00000233452	chr6:146875908-146877348	8	647	TRUE	0.524	0.5309119162143885	FALSE	1172	90	0.00671260488445132
ENSG00000227681	chr6:146875908-146877348	19	1471	TRUE	0.54	-0.4437592241238102	FALSE	1172	90	0.01646275723058173
ENSG00000146414	chr6:146875908-146877348	147	13520	TRUE	0.0010611691672781434	-0.5177391798287201	TRUE	1172	91	0.1452491445178831
ENSG00000118508	chr6:146875908-146877348	304	22947	TRUE	0.005234658718498989	-0.5077864581082439	TRUE	1172	91	0.28356068063563494
ENSG00000164506	chr6:146875908-146877348	199	22445	TRUE	0.292	-0.17877205266417429	FALSE	1172	91	0.26532602071907374
ENSG00000233452	chr6:146875908-146877348	8	647	TRUE	0.496	0.5309119162143885	FALSE	1172	91	0.00671260488445132
ENSG00000227681	chr6:146875908-146877348	19	1471	TRUE	0.572	-0.4437592241238102	FALSE	1172	91	0.01646275723058173
ENSG00000164506	chr6:146875908-146877348	199	22445	TRUE	0.0050015305504231625	-0.3580228463785802	TRUE	1172	92	0.26532602071907374
ENSG00000118508	chr6:146875908-146877348	304	22947	TRUE	0.088	-0.3931078540720494	FALSE	1172	92	0.28356068063563494
ENSG00000233452	chr6:146875908-146877348	8	647	TRUE	0.372	-0.4690880837856115	FALSE	1172	92	0.00671260488445132
ENSG00000227681	chr6:146875908-146877348	19	1471	TRUE	0.896	-0.051441801345050386	FALSE	1172	92	0.01646275723058173
ENSG00000146414	chr6:146875908-146877348	147	13520	TRUE	0.992	-0.11685974354653572	FALSE	1172	92	0.1452491445178831
ENSG00000118508	chr6:146875908-146877348	304	22947	TRUE	0.052	-0.3979088403358706	FALSE	1172	93	0.28356068063563494
ENSG00000146414	chr6:146875908-146877348	147	13520	TRUE	0.152	-0.26981166638513443	FALSE	1172	93	0.1452491445178831
ENSG00000164506	chr6:146875908-146877348	199	22445	TRUE	0.256	-0.19874046889677022	FALSE	1172	93	0.26532602071907374
ENSG00000227681	chr6:146875908-146877348	19	1471	TRUE	0.284	-0.6364043020662065	FALSE	1172	93	0.01646275723058173
ENSG00000233452	chr6:146875908-146877348	8	647	TRUE	0.416	-0.20605367795181717	FALSE	1172	93	0.00671260488445132
ENSG00000118508	chr6:146875908-146877348	304	22947	TRUE	2.6743479208810516e-8	-0.8129463396147145	TRUE	1172	94	0.28356068063563494
ENSG00000146414	chr6:146875908-146877348	147	13520	TRUE	1.1310553574857664e-5	-0.6848491656639784	TRUE	1172	94	0.1452491445178831
ENSG00000164506	chr6:146875908-146877348	199	22445	TRUE	0.013139347250921918	-0.3192532762140048	TRUE	1172	94	0.26532602071907374
ENSG00000227681	chr6:146875908-146877348	19	1471	TRUE	0.368	0.07980273193320286	FALSE	1172	94	0.01646275723058173
ENSG00000233452	chr6:146875908-146877348	8	647	TRUE	0.712	0.016338743384630483	FALSE	1172	94	0.00671260488445132
ENSG00000118508	chr6:146875908-146877348	304	22947	TRUE	0.009274406337650871	-0.47698041132706925	TRUE	1172	95	0.28356068063563494
ENSG00000146414	chr6:146875908-146877348	147	13520	TRUE	0.044	-0.3478141783864075	FALSE	1172	95	0.1452491445178831
ENSG00000233452	chr6:146875908-146877348	8	647	TRUE	0.212	-0.7910161786729741	FALSE	1172	95	0.00671260488445132
ENSG00000227681	chr6:146875908-146877348	19	1471	TRUE	0.572	-0.4437592241238102	FALSE	1172	95	0.01646275723058173
ENSG00000164506	chr6:146875908-146877348	199	22445	TRUE	0.656	-0.12524265624737918	FALSE	1172	95	0.26532602071907374
ENSG00000164506	chr6:146875908-146877348	199	22445	TRUE	0.009401797648269768	-0.34127958254400337	TRUE	1172	96	0.26532602071907374
ENSG00000118508	chr6:146875908-146877348	304	22947	TRUE	0.036	-0.4568025293894389	TRUE	1172	96	0.28356068063563494
ENSG00000227681	chr6:146875908-146877348	19	1471	TRUE	0.052	0.5104370862630647	TRUE	1172	96	0.01646275723058173
ENSG00000233452	chr6:146875908-146877348	8	647	TRUE	0.212	-0.4690880837856115	FALSE	1172	96	0.00671260488445132
ENSG00000146414	chr6:146875908-146877348	147	13520	TRUE	0.244	-0.2793344405036411	FALSE	1172	96	0.1452491445178831
ENSG00000146414	chr6:146875908-146877348	147	13520	TRUE	0.004558139889684593	-0.4516499893709476	TRUE	1172	97	0.1452491445178831
ENSG00000164506	chr6:146875908-146877348	199	22445	TRUE	0.005612598055072457	-0.3357413990025737	TRUE	1172	97	0.26532602071907374
ENSG00000233452	chr6:146875908-146877348	8	647	TRUE	0.015294425879617435	-1.7910161786729741	TRUE	1172	97	0.00671260488445132
ENSG00000118508	chr6:146875908-146877348	304	22947	TRUE	0.028	-0.4518018483310724	TRUE	1172	97	0.28356068063563494
ENSG00000227681	chr6:146875908-146877348	19	1471	TRUE	0.132	-0.8587967234026541	FALSE	1172	97	0.01646275723058173
ENSG00000118508	chr6:146875908-146877348	304	22947	TRUE	1.4988615247061958e-4	-0.6043597178032967	TRUE	1172	98	0.28356068063563494
ENSG00000164506	chr6:146875908-146877348	199	22445	TRUE	6.250640821164437e-4	-0.3863674720725414	TRUE	1172	98	0.26532602071907374
ENSG00000146414	chr6:146875908-146877348	147	13520	TRUE	0.002980740624607372	-0.4953713668002653	TRUE	1172	98	0.1452491445178831
ENSG00000227681	chr6:146875908-146877348	19	1471	TRUE	0.328	-0.6364043020662065	FALSE	1172	98	0.01646275723058173
ENSG00000233452	chr6:146875908-146877348	8	647	TRUE	0.98	0.20898382132702675	FALSE	1172	98	0.00671260488445132
ENSG00000118508	chr6:146875908-146877348	304	22947	TRUE	0.0017379280724716256	-0.5445784894778798	TRUE	1172	99	0.28356068063563494
ENSG00000164506	chr6:146875908-146877348	199	22445	TRUE	0.0025262491149323565	-0.3636473955724582	TRUE	1172	99	0.26532602071907374
ENSG00000227681	chr6:146875908-146877348	19	1471	TRUE	0.72	-0.051441801345050386	FALSE	1172	99	0.01646275723058173
ENSG00000233452	chr6:146875908-146877348	8	647	TRUE	0.784	0.3789088227693389	FALSE	1172	99	0.00671260488445132
ENSG00000146414	chr6:146875908-146877348	147	13520	TRUE	0.888	-0.14269974848179512	FALSE	1172	99	0.1452491445178831
ENSG00000118508	chr6:146875908-146877348	304	22947	TRUE	0.014886775641306419	-0.47698041132706925	TRUE	1172	100	0.28356068063563494
ENSG00000146414	chr6:146875908-146877348	147	13520	TRUE	0.036	-0.3781878274299264	TRUE	1172	100	0.1452491445178831
ENSG00000164506	chr6:146875908-146877348	199	22445	TRUE	0.344	-0.1590762513232542	FALSE	1172	100	0.26532602071907374
ENSG00000233452	chr6:146875908-146877348	8	647	TRUE	0.692	0.3789088227693389	FALSE	1172	100	0.00671260488445132
ENSG00000227681	chr6:146875908-146877348	19	1471	TRUE	0.704	-0.051441801345050386	FALSE	1172	100	0.01646275723058173
